MCC: 0.6643482831758064
Accuracy: 0.8333333134651184
Recall/Sensitivity: 0.8214285969734192
Specificity: 0.8500000238418579
Precision: 0.8846153616905212
F1 Score: 0.8518518549588148
