MCC: 0.6643482831758064
Accuracy: 0.8333333134651184
Recall/Sensitivity: 0.8500000238418579
Specificity: 0.8214285969734192
Precision: 0.7727272510528564
F1 Score: 0.8095238084425455
