MCC: 0.6601749440126459
Accuracy: 0.8333333134651184
Recall/Sensitivity: 0.8275862336158752
Specificity: 0.8421052694320679
Precision: 0.8888888955116272
F1 Score: 0.8571428745528872
