MCC: 0.8109243697478992
Accuracy: 0.9111111164093018
Recall/Sensitivity: 0.9285714030265808
Specificity: 0.8823529481887817
Precision: 0.9285714030265808
F1 Score: 0.9285714030265808
