MCC: 0.653358607776565
Accuracy: 0.8222222328186035
Recall/Sensitivity: 0.9130434989929199
Specificity: 0.7272727489471436
Precision: 0.7777777910232544
F1 Score: 0.8400000164985657
