MCC: 0.50709255283711
Accuracy: 0.75
Recall/Sensitivity: 0.7142857313156128
Specificity: 0.800000011920929
Precision: 0.8333333134651184
F1 Score: 0.7692307410155533
