MCC: 0.27386127875258304
Accuracy: 0.644444465637207
Recall/Sensitivity: 0.7200000286102295
Specificity: 0.550000011920929
Precision: 0.6666666865348816
F1 Score: 0.6923076864883052
