MCC: 0.6255432421712243
Accuracy: 0.8125
Recall/Sensitivity: 0.7916666865348816
Specificity: 0.8333333134651184
Precision: 0.8260869383811951
F1 Score: 0.8085106399707954
