MCC: 0.7916330477784871
Accuracy: 0.8958333134651184
Recall/Sensitivity: 0.8846153616905212
Specificity: 0.9090909361839294
Precision: 0.9200000166893005
F1 Score: 0.9019607804179967
