MCC: 0.6436024688664848
Accuracy: 0.8222222328186035
Recall/Sensitivity: 0.9200000166893005
Specificity: 0.699999988079071
Precision: 0.7931034564971924
F1 Score: 0.8518518341094552
