MCC: 0.4853626716970755
Accuracy: 0.7777777910232544
Recall/Sensitivity: 0.8666666746139526
Specificity: 0.6000000238418579
Precision: 0.8125
F1 Score: 0.8387096811407686
