MCC: 0.6216038822203304
Accuracy: 0.8125
Recall/Sensitivity: 0.8148148059844971
Specificity: 0.8095238208770752
Precision: 0.8461538553237915
F1 Score: 0.8301886790755296
