MCC: 0.4156521739130435
Accuracy: 0.7083333134651184
Recall/Sensitivity: 0.7200000286102295
Specificity: 0.695652186870575
Precision: 0.7200000286102295
F1 Score: 0.7200000286102295
