MCC: 0.47731397459165154
Accuracy: 0.75
Recall/Sensitivity: 0.7931034564971924
Specificity: 0.6842105388641357
Precision: 0.7931034564971924
F1 Score: 0.7931034564971924
