MCC: 0.7428571428571429
Accuracy: 0.875
Recall/Sensitivity: 0.8928571343421936
Specificity: 0.8500000238418579
Precision: 0.8928571343421936
F1 Score: 0.8928571343421936
