MCC: 0.3314881943258343
Accuracy: 0.6458333134651184
Recall/Sensitivity: 0.8181818127632141
Specificity: 0.5
Precision: 0.5806451439857483
F1 Score: 0.6792452693112849
