MCC: 0.6330987042416224
Accuracy: 0.8222222328186035
Recall/Sensitivity: 0.8846153616905212
Specificity: 0.7368420958518982
Precision: 0.8214285969734192
F1 Score: 0.8518518549588148
