MCC: 0.556669940741281
Accuracy: 0.7777777910232544
Recall/Sensitivity: 0.8260869383811951
Specificity: 0.7272727489471436
Precision: 0.7599999904632568
F1 Score: 0.7916666234119082
