MCC: 0.6672668106157719
Accuracy: 0.8333333134651184
Recall/Sensitivity: 0.8799999952316284
Specificity: 0.782608687877655
Precision: 0.8148148059844971
F1 Score: 0.8461538391882146
