MCC: 0.6841170910977037
Accuracy: 0.8444444537162781
Recall/Sensitivity: 0.8799999952316284
Specificity: 0.800000011920929
Precision: 0.8461538553237915
F1 Score: 0.862745100514149
