MCC: 0.7139328934618737
Accuracy: 0.8541666865348816
Recall/Sensitivity: 0.7916666865348816
Specificity: 0.9166666865348816
Precision: 0.9047619104385376
F1 Score: 0.8444444878896088
