MCC: 0.5091750772173156
Accuracy: 0.7555555701255798
Recall/Sensitivity: 0.7407407164573669
Specificity: 0.7777777910232544
Precision: 0.8333333134651184
F1 Score: 0.7843137030782996
