MCC: 0.5767195767195767
Accuracy: 0.7916666865348816
Recall/Sensitivity: 0.8148148059844971
Specificity: 0.761904776096344
Precision: 0.8148148059844971
F1 Score: 0.8148148059844971
