MCC: 0.709051724137931
Accuracy: 0.8666666746139526
Recall/Sensitivity: 0.8965517282485962
Specificity: 0.8125
Precision: 0.8965517282485962
F1 Score: 0.8965517282485962
