MCC: 0.708939636514663
Accuracy: 0.8541666865348816
Recall/Sensitivity: 0.8275862336158752
Specificity: 0.8947368264198303
Precision: 0.9230769276618958
F1 Score: 0.8727272896333172
