MCC: 0.6466697906828632
Accuracy: 0.7916666865348816
Recall/Sensitivity: 1.0
Specificity: 0.6000000238418579
Precision: 0.6969696879386902
F1 Score: 0.8214285363044068
