MCC: 0.46195657812238883
Accuracy: 0.7291666865348816
Recall/Sensitivity: 0.7916666865348816
Specificity: 0.6666666865348816
Precision: 0.7037037014961243
F1 Score: 0.7450980467779824
