MCC: 0.6643482831758064
Accuracy: 0.8333333134651184
Recall/Sensitivity: 0.8846153616905212
Specificity: 0.7727272510528564
Precision: 0.8214285969734192
F1 Score: 0.8518518549588148
