MCC: 0.6796144814928468
Accuracy: 0.8444444537162781
Recall/Sensitivity: 0.8846153616905212
Specificity: 0.7894737124443054
Precision: 0.8518518805503845
F1 Score: 0.8679245321637747
