MCC: 0.827170191868511
Accuracy: 0.9111111164093018
Recall/Sensitivity: 1.0
Specificity: 0.7894737124443054
Precision: 0.8666666746139526
F1 Score: 0.9285714331330085
