MCC: 0.7557086549031783
Accuracy: 0.875
Recall/Sensitivity: 0.7727272510528564
Specificity: 0.9615384340286255
Precision: 0.9444444179534912
F1 Score: 0.849999976158142
