MCC: 0.6571428571428571
Accuracy: 0.8333333134651184
Recall/Sensitivity: 0.8571428656578064
Specificity: 0.800000011920929
Precision: 0.8571428656578064
F1 Score: 0.8571428656578064
