MCC: 0.6866830516660348
Accuracy: 0.8444444537162781
Recall/Sensitivity: 0.8214285969734192
Specificity: 0.8823529481887817
Precision: 0.9200000166893005
F1 Score: 0.8679245499878772
