MCC: 0.5373186100548619
Accuracy: 0.7708333134651184
Recall/Sensitivity: 0.807692289352417
Specificity: 0.7272727489471436
Precision: 0.7777777910232544
F1 Score: 0.7924528282365154
