MCC: 0.5833333333333334
Accuracy: 0.7916666865348816
Recall/Sensitivity: 0.7916666865348816
Specificity: 0.7916666865348816
Precision: 0.7916666865348816
F1 Score: 0.7916666865348816
