MCC: 0.5421374765483944
Accuracy: 0.7708333134651184
Recall/Sensitivity: 0.7916666865348816
Specificity: 0.75
Precision: 0.7599999904632568
F1 Score: 0.7755101788595098
