MCC: 0.4388997890975422
Accuracy: 0.7111111283302307
Recall/Sensitivity: 0.6538461446762085
Specificity: 0.7894737124443054
Precision: 0.8095238208770752
F1 Score: 0.7234042542398433
