MCC: 0.6984927659993961
Accuracy: 0.8541666865348816
Recall/Sensitivity: 0.8620689511299133
Specificity: 0.8421052694320679
Precision: 0.8928571343421936
F1 Score: 0.8771929708984529
