MCC: 0.7513319206146093
Accuracy: 0.875
Recall/Sensitivity: 0.9200000166893005
Specificity: 0.8260869383811951
Precision: 0.8518518805503845
F1 Score: 0.8846154078047656
