MCC: 0.6063726140217525
Accuracy: 0.800000011920929
Recall/Sensitivity: 0.8636363744735718
Specificity: 0.739130437374115
Precision: 0.7599999904632568
F1 Score: 0.808510637650289
