MCC: 0.5538186196949965
Accuracy: 0.7708333134651184
Recall/Sensitivity: 0.6666666865348816
Specificity: 0.875
Precision: 0.8421052694320679
F1 Score: 0.7441860907396294
