MCC: 0.6644443332049165
Accuracy: 0.8444444537162781
Recall/Sensitivity: 0.9285714030265808
Specificity: 0.7058823704719543
Precision: 0.8387096524238586
F1 Score: 0.8813559068958159
