MCC: 0.5036218732939727
Accuracy: 0.7777777910232544
Recall/Sensitivity: 0.8064516186714172
Specificity: 0.7142857313156128
Precision: 0.8620689511299133
F1 Score: 0.8333333296908272
