MCC: 0.46195657812238883
Accuracy: 0.7291666865348816
Recall/Sensitivity: 0.761904776096344
Specificity: 0.7037037014961243
Precision: 0.6666666865348816
F1 Score: 0.7111111285951403
