MCC: 0.7048167193517184
Accuracy: 0.8541666865348816
Recall/Sensitivity: 0.9259259104728699
Specificity: 0.761904776096344
Precision: 0.8333333134651184
F1 Score: 0.8771929645142066
