MCC: 0.6733323619579761
Accuracy: 0.8333333134651184
Recall/Sensitivity: 0.7931034564971924
Specificity: 0.8947368264198303
Precision: 0.9200000166893005
F1 Score: 0.8518518341094552
