MCC: 0.7089490077940542
Accuracy: 0.8541666865348816
Recall/Sensitivity: 0.8399999737739563
Specificity: 0.8695651888847351
Precision: 0.875
F1 Score: 0.8571428732790591
