MCC: 0.4595725150090289
Accuracy: 0.7555555701255798
Recall/Sensitivity: 0.800000011920929
Specificity: 0.6666666865348816
Precision: 0.8275862336158752
F1 Score: 0.8135593411087544
