MCC: 0.5029556907695452
Accuracy: 0.7333333492279053
Recall/Sensitivity: 0.9090909361839294
Specificity: 0.5652173757553101
Precision: 0.6666666865348816
F1 Score: 0.7692307921556326
