MCC: 0.4472135954999579
Accuracy: 0.7291666865348816
Recall/Sensitivity: 0.75
Specificity: 0.699999988079071
Precision: 0.7777777910232544
F1 Score: 0.7636363700204644
