MCC: 0.6560472371016682
Accuracy: 0.8222222328186035
Recall/Sensitivity: 0.9090909361839294
Specificity: 0.739130437374115
Precision: 0.7692307829856873
F1 Score: 0.8333333527876271
