MCC: 0.7915633925026991
Accuracy: 0.8958333134651184
Recall/Sensitivity: 0.8666666746139526
Specificity: 0.9444444179534912
Precision: 0.9629629850387573
F1 Score: 0.9122807160639036
