MCC: 0.6689936080056726
Accuracy: 0.8333333134651184
Recall/Sensitivity: 0.875
Specificity: 0.7916666865348816
Precision: 0.807692289352417
F1 Score: 0.839999990081787
