MCC: 0.4534412955465587
Accuracy: 0.7333333492279053
Recall/Sensitivity: 0.7692307829856873
Specificity: 0.6842105388641357
Precision: 0.7692307829856873
F1 Score: 0.7692307829856873
