MCC: 0.5916079783099616
Accuracy: 0.7916666865348816
Recall/Sensitivity: 0.8500000238418579
Specificity: 0.75
Precision: 0.7083333134651184
F1 Score: 0.7727272412008497
