MCC: 0.7617642024189187
Accuracy: 0.8888888955116272
Recall/Sensitivity: 0.8965517282485962
Specificity: 0.875
Precision: 0.9285714030265808
F1 Score: 0.9122807213474187
