MCC: 0.5762536864918488
Accuracy: 0.7916666865348816
Recall/Sensitivity: 0.8888888955116272
Specificity: 0.6666666865348816
Precision: 0.774193525314331
F1 Score: 0.8275862262450281
