MCC: 0.6560472371016682
Accuracy: 0.8222222328186035
Recall/Sensitivity: 0.7692307829856873
Specificity: 0.8947368264198303
Precision: 0.9090909361839294
F1 Score: 0.8333333527876271
