MCC: 0.4181210050035454
Accuracy: 0.7083333134651184
Recall/Sensitivity: 0.75
Specificity: 0.6666666865348816
Precision: 0.692307710647583
F1 Score: 0.7200000099182128
