MCC: 0.5714285714285714
Accuracy: 0.7916666865348816
Recall/Sensitivity: 0.8214285969734192
Specificity: 0.75
Precision: 0.8214285969734192
F1 Score: 0.8214285969734192
