MCC: 0.7967058803223808
Accuracy: 0.8888888955116272
Recall/Sensitivity: 1.0
Specificity: 0.7727272510528564
Precision: 0.8214285969734192
F1 Score: 0.9019608292291834
