MCC: 0.5096447293679517
Accuracy: 0.75
Recall/Sensitivity: 0.8260869383811951
Specificity: 0.6800000071525574
Precision: 0.7037037014961243
F1 Score: 0.7599999910354613
