MCC: 0.5149026044974201
Accuracy: 0.7555555701255798
Recall/Sensitivity: 0.7241379022598267
Specificity: 0.8125
Precision: 0.875
F1 Score: 0.792452812958714
