MCC: 0.6390096504226939
Accuracy: 0.8333333134651184
Recall/Sensitivity: 0.84375
Specificity: 0.8125
Precision: 0.8999999761581421
F1 Score: 0.8709677307712422
