MCC: 0.5373186100548619
Accuracy: 0.7708333134651184
Recall/Sensitivity: 0.761904776096344
Specificity: 0.7777777910232544
Precision: 0.7272727489471436
F1 Score: 0.7441860944145507
