MCC: 0.7782193475543778
Accuracy: 0.8888888955116272
Recall/Sensitivity: 0.9130434989929199
Specificity: 0.8636363744735718
Precision: 0.875
F1 Score: 0.893617031206206
