MCC: 0.4139186771923578
Accuracy: 0.7083333134651184
Recall/Sensitivity: 0.6875
Specificity: 0.75
Precision: 0.8461538553237915
F1 Score: 0.7586206933405963
