MCC: 0.5976143046671969
Accuracy: 0.800000011920929
Recall/Sensitivity: 0.800000011920929
Specificity: 0.800000011920929
Precision: 0.8333333134651184
F1 Score: 0.8163265272857047
