MCC: 0.6449020216370241
Accuracy: 0.8444444537162781
Recall/Sensitivity: 0.8999999761581421
Specificity: 0.7333333492279053
Precision: 0.8709677457809448
F1 Score: 0.885245892092349
