MCC: 0.6078080037565888
Accuracy: 0.7916666865348816
Recall/Sensitivity: 0.8999999761581421
Specificity: 0.7142857313156128
Precision: 0.692307710647583
F1 Score: 0.7826086983563538
