MCC: 0.7513319206146093
Accuracy: 0.875
Recall/Sensitivity: 0.9047619104385376
Specificity: 0.8518518805503845
Precision: 0.8260869383811951
F1 Score: 0.8636363860496813
