MCC: 0.5832017006169344
Accuracy: 0.7916666865348816
Recall/Sensitivity: 0.8399999737739563
Specificity: 0.739130437374115
Precision: 0.7777777910232544
F1 Score: 0.807692272952323
