MCC: 0.565277425796766
Accuracy: 0.75
Recall/Sensitivity: 0.5925925970077515
Specificity: 0.9523809552192688
Precision: 0.9411764740943909
F1 Score: 0.7272727033816104
