MCC: 0.7224677392753258
Accuracy: 0.875
Recall/Sensitivity: 0.9354838728904724
Specificity: 0.7647058963775635
Precision: 0.8787878751754761
F1 Score: 0.9062500287545855
