MCC: 0.3555285645684319
Accuracy: 0.644444465637207
Recall/Sensitivity: 0.8333333134651184
Specificity: 0.5185185074806213
Precision: 0.5357142686843872
F1 Score: 0.6521738659456695
