MCC: 0.7176172998042787
Accuracy: 0.8541666865348816
Recall/Sensitivity: 0.8064516186714172
Specificity: 0.9411764740943909
Precision: 0.9615384340286255
F1 Score: 0.8771929448477932
