MCC: 0.7482517482517482
Accuracy: 0.875
Recall/Sensitivity: 0.8636363744735718
Specificity: 0.8846153616905212
Precision: 0.8636363744735718
F1 Score: 0.8636363744735718
