MCC: 0.3973831827173902
Accuracy: 0.7111111283302307
Recall/Sensitivity: 0.8461538553237915
Specificity: 0.5263158082962036
Precision: 0.7096773982048035
F1 Score: 0.7719298454386236
