MCC: 0.5108920907608893
Accuracy: 0.7555555701255798
Recall/Sensitivity: 0.761904776096344
Specificity: 0.75
Precision: 0.7272727489471436
F1 Score: 0.7441860944145507
