MCC: 0.6546536707079771
Accuracy: 0.8333333134651184
Recall/Sensitivity: 0.8928571343421936
Specificity: 0.75
Precision: 0.8333333134651184
F1 Score: 0.8620689509172926
