MCC: 0.680918502451149
Accuracy: 0.8444444537162781
Recall/Sensitivity: 0.8275862336158752
Specificity: 0.875
Precision: 0.9230769276618958
F1 Score: 0.8727272896333172
