MCC: 0.7125253031944252
Accuracy: 0.8333333134651184
Recall/Sensitivity: 1.0
Specificity: 0.7333333492279053
Precision: 0.692307710647583
F1 Score: 0.8181818309894276
