MCC: 0.6242392755610096
Accuracy: 0.8125
Recall/Sensitivity: 0.782608687877655
Specificity: 0.8399999737739563
Precision: 0.8181818127632141
F1 Score: 0.7999999933478273
