MCC: 0.43915343915343913
Accuracy: 0.7083333134651184
Recall/Sensitivity: 0.8095238208770752
Specificity: 0.6296296119689941
Precision: 0.6296296119689941
F1 Score: 0.7083333265036341
