MCC: 0.7853022378314498
Accuracy: 0.8888888955116272
Recall/Sensitivity: 0.8399999737739563
Specificity: 0.949999988079071
Precision: 0.9545454382896423
F1 Score: 0.8936169993127293
