MCC: 0.6007905138339921
Accuracy: 0.800000011920929
Recall/Sensitivity: 0.782608687877655
Specificity: 0.8181818127632141
Precision: 0.8181818127632141
F1 Score: 0.7999999933478273
