MCC: 0.7624425757515653
Accuracy: 0.8958333134651184
Recall/Sensitivity: 0.8857142925262451
Specificity: 0.9230769276618958
Precision: 0.96875
F1 Score: 0.9253731380461797
