MCC: 0.6660869565217391
Accuracy: 0.8333333134651184
Recall/Sensitivity: 0.8399999737739563
Specificity: 0.8260869383811951
Precision: 0.8399999737739563
F1 Score: 0.8399999737739563
