MCC: 0.5877746866965161
Accuracy: 0.800000011920929
Recall/Sensitivity: 0.8148148059844971
Specificity: 0.7777777910232544
Precision: 0.8461538553237915
F1 Score: 0.8301886790755296
