MCC: 0.7269604724271661
Accuracy: 0.8541666865348816
Recall/Sensitivity: 0.7692307829856873
Specificity: 0.9545454382896423
Precision: 0.9523809552192688
F1 Score: 0.8510638393390875
