MCC: 0.5017452060042544
Accuracy: 0.75
Recall/Sensitivity: 0.7916666865348816
Specificity: 0.7083333134651184
Precision: 0.7307692170143127
F1 Score: 0.7600000017166134
