MCC: 0.5402992199065312
Accuracy: 0.7777777910232544
Recall/Sensitivity: 0.8461538553237915
Specificity: 0.6842105388641357
Precision: 0.7857142686843872
F1 Score: 0.8148148099090825
