MCC: 0.4800793585191832
Accuracy: 0.75
Recall/Sensitivity: 0.7666666507720947
Specificity: 0.7222222089767456
Precision: 0.8214285969734192
F1 Score: 0.793103481444678
