MCC: 0.7058891543857989
Accuracy: 0.8541666865348816
Recall/Sensitivity: 0.8181818127632141
Specificity: 0.8846153616905212
Precision: 0.8571428656578064
F1 Score: 0.8372093035505551
