MCC: 0.5205445436772743
Accuracy: 0.75
Recall/Sensitivity: 0.8421052694320679
Specificity: 0.6896551847457886
Precision: 0.6399999856948853
F1 Score: 0.727272720376322
