MCC: 0.7302967433402214
Accuracy: 0.8666666746139526
Recall/Sensitivity: 0.8518518805503845
Specificity: 0.8888888955116272
Precision: 0.9200000166893005
F1 Score: 0.8846154078047656
