MCC: 0.48842211305000627
Accuracy: 0.75
Recall/Sensitivity: 0.7586206793785095
Specificity: 0.7368420958518982
Precision: 0.8148148059844971
F1 Score: 0.7857142463326465
