MCC: 0.5853694070049635
Accuracy: 0.7916666865348816
Recall/Sensitivity: 0.8181818127632141
Specificity: 0.7692307829856873
Precision: 0.75
F1 Score: 0.7826087229193283
