MCC: 0.6273675653967149
Accuracy: 0.8125
Recall/Sensitivity: 0.7857142686843872
Specificity: 0.8500000238418579
Precision: 0.8799999952316284
F1 Score: 0.8301886676171786
