MCC: 0.46720512883643217
Accuracy: 0.7333333492279053
Recall/Sensitivity: 0.7200000286102295
Specificity: 0.75
Precision: 0.782608687877655
F1 Score: 0.7499999822013914
