MCC: 0.465496159672524
Accuracy: 0.7333333492279053
Recall/Sensitivity: 0.8333333134651184
Specificity: 0.6190476417541504
Precision: 0.7142857313156128
F1 Score: 0.7692307410155533
