MCC: 0.5673665146135802
Accuracy: 0.7916666865348816
Recall/Sensitivity: 0.8571428656578064
Specificity: 0.699999988079071
Precision: 0.800000011920929
F1 Score: 0.8275862172440881
