MCC: 0.574298528531326
Accuracy: 0.7916666865348816
Recall/Sensitivity: 0.8518518805503845
Specificity: 0.7142857313156128
Precision: 0.7931034564971924
F1 Score: 0.8214285594164119
