MCC: 0.5937098393667891
Accuracy: 0.7916666865348816
Recall/Sensitivity: 0.7200000286102295
Specificity: 0.8695651888847351
Precision: 0.8571428656578064
F1 Score: 0.7826086865255657
