MCC: 0.7714542762891773
Accuracy: 0.8888888955116272
Recall/Sensitivity: 0.9230769276618958
Specificity: 0.8421052694320679
Precision: 0.8888888955116272
F1 Score: 0.9056603830027894
