MCC: 0.7782193475543778
Accuracy: 0.8888888955116272
Recall/Sensitivity: 0.8636363744735718
Specificity: 0.9130434989929199
Precision: 0.9047619104385376
F1 Score: 0.8837209386139576
