MCC: 0.7269604724271661
Accuracy: 0.8541666865348816
Recall/Sensitivity: 0.7777777910232544
Specificity: 0.9523809552192688
Precision: 0.9545454382896423
F1 Score: 0.8571428881243643
