MCC: 0.5826086956521739
Accuracy: 0.7916666865348816
Recall/Sensitivity: 0.800000011920929
Specificity: 0.782608687877655
Precision: 0.800000011920929
F1 Score: 0.800000011920929
