MCC: 0.5379391211744428
Accuracy: 0.7708333134651184
Recall/Sensitivity: 0.7586206793785095
Specificity: 0.7894737124443054
Precision: 0.8461538553237915
F1 Score: 0.800000028097926
