MCC: 0.6614378277661476
Accuracy: 0.8222222328186035
Recall/Sensitivity: 0.9583333134651184
Specificity: 0.6666666865348816
Precision: 0.7666666507720947
F1 Score: 0.8518518636256098
