MCC: 0.7441028588566434
Accuracy: 0.8666666746139526
Recall/Sensitivity: 0.95652174949646
Specificity: 0.7727272510528564
Precision: 0.8148148059844971
F1 Score: 0.8799999992370604
