MCC: 0.5860869565217391
Accuracy: 0.7916666865348816
Recall/Sensitivity: 0.7599999904632568
Specificity: 0.8260869383811951
Precision: 0.8260869383811951
F1 Score: 0.7916666234119082
