MCC: 0.5706848161816555
Accuracy: 0.7708333134651184
Recall/Sensitivity: 0.699999988079071
Specificity: 0.8888888955116272
Precision: 0.9130434989929199
F1 Score: 0.7924528010759808
