MCC: 0.445435403187374
Accuracy: 0.7291666865348816
Recall/Sensitivity: 0.8518518805503845
Specificity: 0.5714285969734192
Precision: 0.71875
F1 Score: 0.7796609993811082
