MCC: 0.6000011763587187
Accuracy: 0.800000011920929
Recall/Sensitivity: 0.8095238208770752
Specificity: 0.7916666865348816
Precision: 0.7727272510528564
F1 Score: 0.7906976684871524
