MCC: 0.654741655880165
Accuracy: 0.8222222328186035
Recall/Sensitivity: 0.9599999785423279
Specificity: 0.6499999761581421
Precision: 0.774193525314331
F1 Score: 0.857142804988794
