MCC: 0.6175806794999419
Accuracy: 0.8125
Recall/Sensitivity: 0.8214285969734192
Specificity: 0.800000011920929
Precision: 0.8518518805503845
F1 Score: 0.8363636634369527
