MCC: 0.5405423894522708
Accuracy: 0.7708333134651184
Recall/Sensitivity: 0.7692307829856873
Specificity: 0.7727272510528564
Precision: 0.800000011920929
F1 Score: 0.7843137383690159
