MCC: 0.4990226137396671
Accuracy: 0.7708333134651184
Recall/Sensitivity: 0.8666666746139526
Specificity: 0.6111111044883728
Precision: 0.7878788113594055
F1 Score: 0.8253968121513497
