MCC: 0.6796144814928468
Accuracy: 0.8444444537162781
Recall/Sensitivity: 0.7894737124443054
Specificity: 0.8846153616905212
Precision: 0.8333333134651184
F1 Score: 0.8108108162967014
