MCC: 0.47410465593076045
Accuracy: 0.7291666865348816
Recall/Sensitivity: 0.8095238208770752
Specificity: 0.6666666865348816
Precision: 0.6538461446762085
F1 Score: 0.7234042542398433
