MCC: 0.5944055944055944
Accuracy: 0.7916666865348816
Recall/Sensitivity: 0.8636363744735718
Specificity: 0.7307692170143127
Precision: 0.7307692170143127
F1 Score: 0.7916666335529761
