MCC: 0.7367317724443136
Accuracy: 0.875
Recall/Sensitivity: 0.8709677457809448
Specificity: 0.8823529481887817
Precision: 0.931034505367279
F1 Score: 0.900000042385526
