MCC: 0.5263166562644551
Accuracy: 0.7555555701255798
Recall/Sensitivity: 0.7037037014961243
Specificity: 0.8333333134651184
Precision: 0.8636363744735718
F1 Score: 0.7755101776182638
