MCC: 0.6796144814928468
Accuracy: 0.8444444537162781
Recall/Sensitivity: 0.8518518805503845
Specificity: 0.8333333134651184
Precision: 0.8846153616905212
F1 Score: 0.8679245321637747
