MCC: 0.6120812897932852
Accuracy: 0.8125
Recall/Sensitivity: 0.8571428656578064
Specificity: 0.75
Precision: 0.8275862336158752
F1 Score: 0.8421052810998283
