MCC: 0.7027642214999339
Accuracy: 0.8541666865348816
Recall/Sensitivity: 0.8571428656578064
Specificity: 0.8500000238418579
Precision: 0.8888888955116272
F1 Score: 0.8727272803330225
