MCC: 0.6296296296296297
Accuracy: 0.8222222328186035
Recall/Sensitivity: 0.8518518805503845
Specificity: 0.7777777910232544
Precision: 0.8518518805503845
F1 Score: 0.8518518805503845
