MCC: 0.36262033381142117
Accuracy: 0.644444465637207
Recall/Sensitivity: 0.9047619104385376
Specificity: 0.4166666567325592
Precision: 0.5757575631141663
F1 Score: 0.7037036676465741
