MCC: 0.5550015368780838
Accuracy: 0.776190459728241
Recall/Sensitivity: 0.7292161583900452
Specificity: 0.8233889937400818
Precision: 0.8057742714881897
F1 Score: 0.7655860353875507
