MCC: 0.5269030825870474
Accuracy: 0.7630952596664429
Recall/Sensitivity: 0.7387173175811768
Specificity: 0.7875894904136658
Precision: 0.7774999737739563
F1 Score: 0.7576126731954316
