MCC: 0.5667367917253879
Accuracy: 0.7833333611488342
Recall/Sensitivity: 0.7767220735549927
Specificity: 0.7899761199951172
Precision: 0.7879518270492554
F1 Score: 0.7822966520126552
