MCC: 0.6007727898691066
Accuracy: 0.800000011920929
Recall/Sensitivity: 0.826603353023529
Specificity: 0.7732697129249573
Precision: 0.7855530381202698
F1 Score: 0.8055555637841542
