MCC: 0.5716886552172639
Accuracy: 0.7857142686843872
Recall/Sensitivity: 0.7719715237617493
Specificity: 0.7995226979255676
Precision: 0.7946210503578186
F1 Score: 0.7831325555754463
