MCC: 0.579537203164405
Accuracy: 0.7892857193946838
Recall/Sensitivity: 0.8194774389266968
Specificity: 0.758949875831604
Precision: 0.773542582988739
F1 Score: 0.7958477731676817
