MCC: 0.5955064166908383
Accuracy: 0.7976190447807312
Recall/Sensitivity: 0.783847987651825
Specificity: 0.8114558458328247
Precision: 0.8068459630012512
F1 Score: 0.7951807249708503
