MCC: 0.5384416556745405
Accuracy: 0.7690476179122925
Recall/Sensitivity: 0.7885985970497131
Specificity: 0.7494033575057983
Precision: 0.7597253918647766
F1 Score: 0.773892780137884
