MCC: 0.554758437586908
Accuracy: 0.7773809432983398
Recall/Sensitivity: 0.7790973782539368
Specificity: 0.7756563425064087
Precision: 0.7772511839866638
F1 Score: 0.7781731861106876
