MCC: 0.5056852633071796
Accuracy: 0.7511904835700989
Recall/Sensitivity: 0.6959620118141174
Specificity: 0.8066825866699219
Precision: 0.7834224700927734
F1 Score: 0.7371069617424402
