MCC: 0.9169321467941965
Accuracy: 0.9602446556091309
Recall/Sensitivity: 0.9679999947547913
Specificity: 0.9554455280303955
Precision: 0.9307692050933838
F1 Score: 0.9490196217669298
