MCC: 0.8771759542063311
Accuracy: 0.9418960213661194
Recall/Sensitivity: 0.9279999732971191
Specificity: 0.9504950642585754
Precision: 0.920634925365448
F1 Score: 0.9243027481816545
