MCC: 0.8967857575758472
Accuracy: 0.9510703086853027
Recall/Sensitivity: 0.9440000057220459
Specificity: 0.9554455280303955
Precision: 0.9291338324546814
F1 Score: 0.9365078964110862
