MCC: 0.862619313852124
Accuracy: 0.932721734046936
Recall/Sensitivity: 0.9599999785423279
Specificity: 0.9158415794372559
Precision: 0.8759124279022217
F1 Score: 0.9160305053112041
