MCC: 0.8329402174236626
Accuracy: 0.9204893112182617
Recall/Sensitivity: 0.9120000004768372
Specificity: 0.9257425665855408
Precision: 0.8837209343910217
F1 Score: 0.8976377976517941
