MCC: 0.8556280319079738
Accuracy: 0.9296635985374451
Recall/Sensitivity: 0.9520000219345093
Specificity: 0.9158415794372559
Precision: 0.875
F1 Score: 0.9118774046983075
