MCC: 0.9244448715202721
Accuracy: 0.963302731513977
Recall/Sensitivity: 0.984000027179718
Specificity: 0.9504950642585754
Precision: 0.9248120188713074
F1 Score: 0.9534883788984327
