MCC: 0.911633654662028
Accuracy: 0.9571865200996399
Recall/Sensitivity: 0.9760000109672546
Specificity: 0.9455445408821106
Precision: 0.9172932505607605
F1 Score: 0.9457364485467413
