MCC: 0.9096979561900562
Accuracy: 0.9571865200996399
Recall/Sensitivity: 0.9520000219345093
Specificity: 0.9603960514068604
Precision: 0.9370078444480896
F1 Score: 0.9444444700193275
