MCC: 0.7143650499814883
Accuracy: 0.8571428656578064
Recall/Sensitivity: 0.8630136847496033
Specificity: 0.8513513803482056
Precision: 0.8513513803482056
F1 Score: 0.8571428947939939
