MCC: 0.7799747728685271
Accuracy: 0.8911564350128174
Recall/Sensitivity: 0.9259259104728699
Specificity: 0.8484848737716675
Precision: 0.8823529481887817
F1 Score: 0.9036144839348554
