MCC: 0.6144120128216292
Accuracy: 0.8027210831642151
Recall/Sensitivity: 0.8695651888847351
Specificity: 0.7435897588729858
Precision: 0.75
F1 Score: 0.8053690856504296
