MCC: 0.7822222222222223
Accuracy: 0.8911564350128174
Recall/Sensitivity: 0.8888888955116272
Specificity: 0.8933333158493042
Precision: 0.8888888955116272
F1 Score: 0.8888888955116272
