MCC: 0.7136771976667539
Accuracy: 0.8571428656578064
Recall/Sensitivity: 0.8500000238418579
Specificity: 0.8656716346740723
Precision: 0.8831169009208679
F1 Score: 0.8662420889539
