MCC: 0.6888519762625481
Accuracy: 0.8435373902320862
Recall/Sensitivity: 0.8192771077156067
Specificity: 0.875
Precision: 0.8947368264198303
F1 Score: 0.855345904390946
