MCC: 0.7507996800010194
Accuracy: 0.8707482814788818
Recall/Sensitivity: 0.7714285850524902
Specificity: 0.9610389471054077
Precision: 0.9473684430122375
F1 Score: 0.8503937474023812
