MCC: 0.6048582430377932
Accuracy: 0.8027210831642151
Recall/Sensitivity: 0.8051947951316833
Specificity: 0.800000011920929
Precision: 0.8157894611358643
F1 Score: 0.8104574752488474
