MCC: 0.814960399445584
Accuracy: 0.9047619104385376
Recall/Sensitivity: 0.9743589758872986
Specificity: 0.8260869383811951
Precision: 0.8636363744735718
F1 Score: 0.9156626870625606
