MCC: 0.6162583138986961
Accuracy: 0.8095238208770752
Recall/Sensitivity: 0.8481012582778931
Specificity: 0.7647058963775635
Precision: 0.8072289228439331
F1 Score: 0.8271604940088542
