MCC: 0.7550907071455016
Accuracy: 0.8775510191917419
Recall/Sensitivity: 0.8767123222351074
Specificity: 0.8783783912658691
Precision: 0.8767123222351074
F1 Score: 0.8767123222351074
