MCC: 0.6607852350542283
Accuracy: 0.8299319744110107
Recall/Sensitivity: 0.8666666746139526
Specificity: 0.7916666865348816
Precision: 0.8125
F1 Score: 0.8387096811407686
