MCC: 0.729059012601731
Accuracy: 0.8639456033706665
Recall/Sensitivity: 0.8904109597206116
Specificity: 0.837837815284729
Precision: 0.8441558480262756
F1 Score: 0.866666669093238
