MCC: 0.796328321728307
Accuracy: 0.8979591727256775
Recall/Sensitivity: 0.9200000166893005
Specificity: 0.875
Precision: 0.8846153616905212
F1 Score: 0.9019607804179967
