MCC: 0.6790270595808626
Accuracy: 0.8435373902320862
Recall/Sensitivity: 0.8426966071128845
Specificity: 0.8448275923728943
Precision: 0.8928571343421936
F1 Score: 0.8670520074081777
