MCC: 0.7679014153092415
Accuracy: 0.884353756904602
Recall/Sensitivity: 0.8550724387168884
Specificity: 0.9102563858032227
Precision: 0.8939393758773804
F1 Score: 0.8740740821390987
