MCC: 0.6612240224188798
Accuracy: 0.8299319744110107
Recall/Sensitivity: 0.8648648858070374
Specificity: 0.7945205569267273
Precision: 0.8101266026496887
F1 Score: 0.8366013278496343
