MCC: 0.713686507166377
Accuracy: 0.8571428656578064
Recall/Sensitivity: 0.8115941882133484
Specificity: 0.8974359035491943
Precision: 0.875
F1 Score: 0.8421052254926394
