MCC: 0.7873660353557554
Accuracy: 0.8911564350128174
Recall/Sensitivity: 0.9402984976768494
Specificity: 0.8500000238418579
Precision: 0.8399999737739563
F1 Score: 0.8873239246726721
