MCC: 0.7960643844256929
Accuracy: 0.8979591727256775
Recall/Sensitivity: 0.8860759735107422
Specificity: 0.9117646813392639
Precision: 0.9210526347160339
F1 Score: 0.9032257907125142
