MCC: 0.7677146707679486
Accuracy: 0.884353756904602
Recall/Sensitivity: 0.8860759735107422
Specificity: 0.8823529481887817
Precision: 0.8974359035491943
F1 Score: 0.8917197604668619
