MCC: 0.7826328591839639
Accuracy: 0.8911564350128174
Recall/Sensitivity: 0.8799999952316284
Specificity: 0.9027777910232544
Precision: 0.9041095972061157
F1 Score: 0.8918918934157506
