MCC: 0.6956918849571129
Accuracy: 0.8435373902320862
Recall/Sensitivity: 0.7733333110809326
Specificity: 0.9166666865348816
Precision: 0.90625
F1 Score: 0.8345323611438584
