MCC: 0.6376982372640156
Accuracy: 0.8231292366981506
Recall/Sensitivity: 0.8571428656578064
Specificity: 0.7777777910232544
Precision: 0.8372092843055725
F1 Score: 0.847058818464048
