MCC: 0.7627375730737024
Accuracy: 0.8775510191917419
Recall/Sensitivity: 0.9444444179534912
Specificity: 0.8133333325386047
Precision: 0.8292682766914368
F1 Score: 0.8831168921445399
