MCC: 0.6558643558913573
Accuracy: 0.8299319744110107
Recall/Sensitivity: 0.8414633870124817
Specificity: 0.8153846263885498
Precision: 0.8518518805503845
F1 Score: 0.8466257670640963
