MCC: 0.7411460445806437
Accuracy: 0.8707482814788818
Recall/Sensitivity: 0.8591549396514893
Specificity: 0.8815789222717285
Precision: 0.8714285492897034
F1 Score: 0.8652482509469137
