MCC: 0.7531716417910448
Accuracy: 0.8775510191917419
Recall/Sensitivity: 0.887499988079071
Specificity: 0.8656716346740723
Precision: 0.887499988079071
F1 Score: 0.887499988079071
