MCC: 0.7692740115174849
Accuracy: 0.884353756904602
Recall/Sensitivity: 0.8701298832893372
Specificity: 0.8999999761581421
Precision: 0.9054054021835327
F1 Score: 0.887417194048704
