MCC: 0.7433247204847653
Accuracy: 0.8707482814788818
Recall/Sensitivity: 0.8461538553237915
Specificity: 0.8985507488250732
Precision: 0.9041095972061157
F1 Score: 0.8741721941407252
