MCC: 0.7143121766576135
Accuracy: 0.8571428656578064
Recall/Sensitivity: 0.8533333539962769
Specificity: 0.8611111044883728
Precision: 0.8648648858070374
F1 Score: 0.8590603936852058
