MCC: 0.6686682621404533
Accuracy: 0.8299319744110107
Recall/Sensitivity: 0.892307698726654
Specificity: 0.7804877758026123
Precision: 0.7631579041481018
F1 Score: 0.8226950436577184
