MCC: 0.7225534137593921
Accuracy: 0.8639456033706665
Recall/Sensitivity: 0.891566276550293
Specificity: 0.828125
Precision: 0.8705882430076599
F1 Score: 0.8809523607124827
