MCC: 0.7006490497453707
Accuracy: 0.8503401279449463
Recall/Sensitivity: 0.8441558480262756
Specificity: 0.8571428656578064
Precision: 0.8666666746139526
F1 Score: 0.855263133953814
