MCC: 0.8088071348940914
Accuracy: 0.9047619104385376
Recall/Sensitivity: 0.9102563858032227
Specificity: 0.8985507488250732
Precision: 0.9102563858032227
F1 Score: 0.9102563858032227
