MCC: 0.7141548199059238
Accuracy: 0.8571428656578064
Recall/Sensitivity: 0.8676470518112183
Specificity: 0.8481012582778931
Precision: 0.8309859037399292
F1 Score: 0.8489208538199945
