MCC: 0.727962920501907
Accuracy: 0.8639456033706665
Recall/Sensitivity: 0.8115941882133484
Specificity: 0.9102563858032227
Precision: 0.8888888955116272
F1 Score: 0.8484848434767446
