MCC: 0.7149473228190097
Accuracy: 0.8571428656578064
Recall/Sensitivity: 0.8732394576072693
Specificity: 0.8421052694320679
Precision: 0.837837815284729
F1 Score: 0.8551724418987138
