MCC: 0.7119728376766886
Accuracy: 0.8571428656578064
Recall/Sensitivity: 0.8999999761581421
Specificity: 0.8059701323509216
Precision: 0.8470588326454163
F1 Score: 0.8727272365813529
