MCC: 0.7694444444444445
Accuracy: 0.884353756904602
Recall/Sensitivity: 0.9027777910232544
Specificity: 0.8666666746139526
Precision: 0.8666666746139526
F1 Score: 0.8843537519892669
