MCC: 0.7237996892365461
Accuracy: 0.8571428656578064
Recall/Sensitivity: 0.8089887499809265
Specificity: 0.931034505367279
Precision: 0.9473684430122375
F1 Score: 0.8727272738613479
