MCC: 0.7128857766525345
Accuracy: 0.8571428656578064
Recall/Sensitivity: 0.8730158805847168
Specificity: 0.8452380895614624
Precision: 0.8088235259056091
F1 Score: 0.8396946283412375
