MCC: 0.6856861873045376
Accuracy: 0.8435373902320862
Recall/Sensitivity: 0.8395061492919922
Specificity: 0.8484848737716675
Precision: 0.8717948794364929
F1 Score: 0.8553458736137216
