MCC: 0.7970669104194222
Accuracy: 0.8979591727256775
Recall/Sensitivity: 0.8765432238578796
Specificity: 0.9242424368858337
Precision: 0.9342105388641357
F1 Score: 0.9044585822779516
