MCC: 0.630175272179036
Accuracy: 0.8163265585899353
Recall/Sensitivity: 0.8253968358039856
Specificity: 0.8095238208770752
Precision: 0.7647058963775635
F1 Score: 0.7938931719016584
