MCC: 0.8238563968650143
Accuracy: 0.9115646481513977
Recall/Sensitivity: 0.9295774698257446
Specificity: 0.8947368264198303
Precision: 0.8918918967247009
F1 Score: 0.9103448623085713
