MCC: 0.7818260331543827
Accuracy: 0.8911564350128174
Recall/Sensitivity: 0.8860759735107422
Specificity: 0.8970588445663452
Precision: 0.9090909361839294
F1 Score: 0.8974358932232098
