MCC: 0.7123956935117125
Accuracy: 0.8571428656578064
Recall/Sensitivity: 0.8536585569381714
Specificity: 0.8615384697914124
Precision: 0.8860759735107422
F1 Score: 0.8695652395766218
