MCC: 0.7407075736937122
Accuracy: 0.8707482814788818
Recall/Sensitivity: 0.925000011920929
Specificity: 0.8059701323509216
Precision: 0.8505747318267822
F1 Score: 0.8862275905438848
