MCC: 0.6889715655829478
Accuracy: 0.8435373902320862
Recall/Sensitivity: 0.8181818127632141
Specificity: 0.8714285492897034
Precision: 0.875
F1 Score: 0.8456376107671959
