MCC: 0.7454079400348984
Accuracy: 0.8707482814788818
Recall/Sensitivity: 0.8289473652839661
Specificity: 0.9154929518699646
Precision: 0.9130434989929199
F1 Score: 0.8689655546399282
