MCC: 0.7840686533523019
Accuracy: 0.8911564350128174
Recall/Sensitivity: 0.9333333373069763
Specificity: 0.8620689511299133
Precision: 0.8235294222831726
F1 Score: 0.8750000076834112
