MCC: 0.7417929090592825
Accuracy: 0.8707482814788818
Recall/Sensitivity: 0.8840579986572266
Specificity: 0.8589743375778198
Precision: 0.8472222089767456
F1 Score: 0.8652482332822796
