MCC: 0.739471203973703
Accuracy: 0.8639456033706665
Recall/Sensitivity: 0.797468364238739
Specificity: 0.9411764740943909
Precision: 0.9402984976768494
F1 Score: 0.8630137002519559
