MCC: 0.6988129665199978
Accuracy: 0.8503401279449463
Recall/Sensitivity: 0.8860759735107422
Specificity: 0.8088235259056091
Precision: 0.8433734774589539
F1 Score: 0.8641975038917563
