MCC: 0.7550361472909408
Accuracy: 0.8775510191917419
Recall/Sensitivity: 0.9090909361839294
Specificity: 0.8428571224212646
Precision: 0.8641975522041321
F1 Score: 0.8860759734534392
