MCC: 0.7686180594254981
Accuracy: 0.884353756904602
Recall/Sensitivity: 0.8873239159584045
Specificity: 0.8815789222717285
Precision: 0.875
F1 Score: 0.8811188972610171
