MCC: 0.744284244692887
Accuracy: 0.8707482814788818
Recall/Sensitivity: 0.9076923131942749
Specificity: 0.8414633870124817
Precision: 0.8194444179534912
F1 Score: 0.8613138564565728
