MCC: 0.6613950238464433
Accuracy: 0.8299319744110107
Recall/Sensitivity: 0.8072289228439331
Specificity: 0.859375
Precision: 0.8815789222717285
F1 Score: 0.8427672880434599
