MCC: 0.7805970149253731
Accuracy: 0.8911564350128174
Recall/Sensitivity: 0.8999999761581421
Specificity: 0.8805969953536987
Precision: 0.8999999761581421
F1 Score: 0.8999999761581421
