MCC: 0.6869211290310308
Accuracy: 0.8435373902320862
Recall/Sensitivity: 0.8421052694320679
Specificity: 0.8450704216957092
Precision: 0.8533333539962769
F1 Score: 0.8476821325791571
