MCC: 0.6736433712675488
Accuracy: 0.8367347121238708
Recall/Sensitivity: 0.8289473652839661
Specificity: 0.8450704216957092
Precision: 0.8513513803482056
F1 Score: 0.8399999827067065
