MCC: 0.8108559282008689
Accuracy: 0.9047619104385376
Recall/Sensitivity: 0.9305555820465088
Specificity: 0.8799999952316284
Precision: 0.8815789222717285
F1 Score: 0.9054054047087835
