MCC: 0.7278785634950018
Accuracy: 0.8639456033706665
Recall/Sensitivity: 0.8648648858070374
Specificity: 0.8630136847496033
Precision: 0.8648648858070374
F1 Score: 0.8648648858070374
