MCC: 0.6769644225302175
Accuracy: 0.8367347121238708
Recall/Sensitivity: 0.9240506291389465
Specificity: 0.7352941036224365
Precision: 0.8021978139877319
F1 Score: 0.8588235048851761
