MCC: 0.7996715793863016
Accuracy: 0.8979591727256775
Recall/Sensitivity: 0.8513513803482056
Specificity: 0.9452054500579834
Precision: 0.9402984976768494
F1 Score: 0.8936170625600307
