MCC: 0.7491756298050447
Accuracy: 0.8775510191917419
Recall/Sensitivity: 0.8813559412956238
Specificity: 0.875
Precision: 0.8253968358039856
F1 Score: 0.8524590261967327
