MCC: 0.754180602006689
Accuracy: 0.8775510191917419
Recall/Sensitivity: 0.8846153616905212
Specificity: 0.8695651888847351
Precision: 0.8846153616905212
F1 Score: 0.8846153616905212
