MCC: 0.7749135008357049
Accuracy: 0.8911564350128174
Recall/Sensitivity: 0.930232584476471
Specificity: 0.8360655903816223
Precision: 0.8888888955116272
F1 Score: 0.9090909251312086
