MCC: 0.7563913079378907
Accuracy: 0.8775510191917419
Recall/Sensitivity: 0.8552631735801697
Specificity: 0.9014084339141846
Precision: 0.9027777910232544
F1 Score: 0.8783784227008983
