MCC: 0.7280979082905511
Accuracy: 0.8639456033706665
Recall/Sensitivity: 0.8552631735801697
Specificity: 0.8732394576072693
Precision: 0.8783783912658691
F1 Score: 0.866666651195951
