MCC: 0.7677146707679486
Accuracy: 0.884353756904602
Recall/Sensitivity: 0.8695651888847351
Specificity: 0.8974359035491943
Precision: 0.8823529481887817
F1 Score: 0.8759124275528958
