MCC: 0.7433247204847653
Accuracy: 0.8707482814788818
Recall/Sensitivity: 0.837837815284729
Specificity: 0.9041095972061157
Precision: 0.8985507488250732
F1 Score: 0.8671328663167239
