MCC: 0.7452680208715053
Accuracy: 0.8707482814788818
Recall/Sensitivity: 0.8354430198669434
Specificity: 0.9117646813392639
Precision: 0.9166666865348816
F1 Score: 0.8741721548138421
