MCC: 0.6734015866997174
Accuracy: 0.8367347121238708
Recall/Sensitivity: 0.8311688303947449
Specificity: 0.8428571224212646
Precision: 0.8533333539962769
F1 Score: 0.8421053026191425
