MCC: 0.7217806640437203
Accuracy: 0.8571428656578064
Recall/Sensitivity: 0.9285714030265808
Specificity: 0.8131868243217468
Precision: 0.7536231875419617
F1 Score: 0.8319999892196653
