MCC: 0.7958503695569872
Accuracy: 0.8979591727256775
Recall/Sensitivity: 0.8888888955116272
Specificity: 0.9066666960716248
Precision: 0.9014084339141846
F1 Score: 0.8951049199855868
