MCC: 0.7521149172894918
Accuracy: 0.8775510191917419
Recall/Sensitivity: 0.8795180916786194
Specificity: 0.875
Precision: 0.9012345671653748
F1 Score: 0.8902439120126436
