MCC: 0.768789337282488
Accuracy: 0.884353756904602
Recall/Sensitivity: 0.8783783912658691
Specificity: 0.8904109597206116
Precision: 0.8904109597206116
F1 Score: 0.8843537782319718
