MCC: 0.649097276641255
Accuracy: 0.8299319744110107
Recall/Sensitivity: 0.8333333134651184
Specificity: 0.8245614171028137
Precision: 0.8823529481887817
F1 Score: 0.8571428201636498
