MCC: 0.7031770345094657
Accuracy: 0.8503401279449463
Recall/Sensitivity: 0.8227847814559937
Specificity: 0.8823529481887817
Precision: 0.8904109597206116
F1 Score: 0.8552631130261442
