MCC: 0.6535166679682719
Accuracy: 0.8231292366981506
Recall/Sensitivity: 0.8873239159584045
Specificity: 0.7631579041481018
Precision: 0.7777777910232544
F1 Score: 0.8289473341814043
