MCC: 0.7009813117744232
Accuracy: 0.8503401279449463
Recall/Sensitivity: 0.8611111044883728
Specificity: 0.8399999737739563
Precision: 0.837837815284729
F1 Score: 0.8493150834809963
