MCC: 0.7307622120821408
Accuracy: 0.8639456033706665
Recall/Sensitivity: 0.8289473652839661
Specificity: 0.9014084339141846
Precision: 0.8999999761581421
F1 Score: 0.8630136562167746
