MCC: 0.7056109651034081
Accuracy: 0.8503401279449463
Recall/Sensitivity: 0.8026315569877625
Specificity: 0.9014084339141846
Precision: 0.8970588445663452
F1 Score: 0.8472222490811058
