MCC: 0.7825524453135534
Accuracy: 0.8911564350128174
Recall/Sensitivity: 0.8767123222351074
Specificity: 0.9054054021835327
Precision: 0.9014084339141846
F1 Score: 0.8888888773680836
