MCC: 0.782060785767235
Accuracy: 0.8911564350128174
Recall/Sensitivity: 0.8873239159584045
Specificity: 0.8947368264198303
Precision: 0.8873239159584045
F1 Score: 0.8873239159584045
