MCC: 0.739631401931042
Accuracy: 0.8707482814788818
Recall/Sensitivity: 0.9125000238418579
Specificity: 0.8208954930305481
Precision: 0.8588235378265381
F1 Score: 0.8848485005241232
