MCC: 0.7005555555555556
Accuracy: 0.8503401279449463
Recall/Sensitivity: 0.8533333539962769
Specificity: 0.8472222089767456
Precision: 0.8533333539962769
F1 Score: 0.8533333539962769
