MCC: 0.7356251724053112
Accuracy: 0.8639456033706665
Recall/Sensitivity: 0.9295774698257446
Specificity: 0.8026315569877625
Precision: 0.8148148059844971
F1 Score: 0.8684210498143926
