MCC: 0.7666735492189053
Accuracy: 0.884353756904602
Recall/Sensitivity: 0.8888888955116272
Specificity: 0.8787878751754761
Precision: 0.8999999761581421
F1 Score: 0.894409899666356
