MCC: 0.7418026639359094
Accuracy: 0.8707482814788818
Recall/Sensitivity: 0.8285714387893677
Specificity: 0.9090909361839294
Precision: 0.892307698726654
F1 Score: 0.8592592974912656
