MCC: 0.7851986456734041
Accuracy: 0.8911564350128174
Recall/Sensitivity: 0.9305555820465088
Specificity: 0.8533333539962769
Precision: 0.8589743375778198
F1 Score: 0.8933333339691156
