MCC: 0.6887732397587972
Accuracy: 0.8367347121238708
Recall/Sensitivity: 0.7654321193695068
Specificity: 0.9242424368858337
Precision: 0.9253731369972229
F1 Score: 0.8378378808106544
