MCC: 0.7130373177626732
Accuracy: 0.8571428656578064
Recall/Sensitivity: 0.8717948794364929
Specificity: 0.8405796885490417
Precision: 0.8607594966888428
F1 Score: 0.8662420137160033
