MCC: 0.6661092530657748
Accuracy: 0.8299319744110107
Recall/Sensitivity: 0.7820512652397156
Specificity: 0.8840579986572266
Precision: 0.8840579986572266
F1 Score: 0.8299319458126978
