MCC: 0.836727138097001
Accuracy: 0.918367326259613
Recall/Sensitivity: 0.9178082346916199
Specificity: 0.9189189076423645
Precision: 0.9178082346916199
F1 Score: 0.9178082346916199
