MCC: 0.7687611962524366
Accuracy: 0.884353756904602
Recall/Sensitivity: 0.8734177350997925
Specificity: 0.8970588445663452
Precision: 0.9078947305679321
F1 Score: 0.8903225846841356
