MCC: 0.6708955223880597
Accuracy: 0.8367347121238708
Recall/Sensitivity: 0.8208954930305481
Specificity: 0.8500000238418579
Precision: 0.8208954930305481
F1 Score: 0.8208954930305481
