MCC: 0.7075104956895122
Accuracy: 0.8503401279449463
Recall/Sensitivity: 0.9178082346916199
Specificity: 0.7837837934494019
Precision: 0.8072289228439331
F1 Score: 0.8589743995141398
