MCC: 0.7281984942442701
Accuracy: 0.8639456033706665
Recall/Sensitivity: 0.8767123222351074
Specificity: 0.8513513803482056
Precision: 0.8533333539962769
F1 Score: 0.8648648722991182
