MCC: 0.7117510288801241
Accuracy: 0.8571428656578064
Recall/Sensitivity: 0.875
Specificity: 0.8358209133148193
Precision: 0.8641975522041321
F1 Score: 0.869565257995403
