MCC: 0.7960643844256929
Accuracy: 0.8979591727256775
Recall/Sensitivity: 0.9210526347160339
Specificity: 0.8732394576072693
Precision: 0.8860759735107422
F1 Score: 0.9032257907125142
