MCC: 0.7173524984694487
Accuracy: 0.8571428656578064
Recall/Sensitivity: 0.8082191944122314
Specificity: 0.9054054021835327
Precision: 0.8939393758773804
F1 Score: 0.8489208641731429
