MCC: 0.7162190286286011
Accuracy: 0.8571428656578064
Recall/Sensitivity: 0.8888888955116272
Specificity: 0.8266666531562805
Precision: 0.8311688303947449
F1 Score: 0.8590604053639672
