MCC: 0.6737237437655527
Accuracy: 0.8367347121238708
Recall/Sensitivity: 0.8192771077156067
Specificity: 0.859375
Precision: 0.8831169009208679
F1 Score: 0.8500000078603624
