MCC: 0.6805363830137067
Accuracy: 0.8367347121238708
Recall/Sensitivity: 0.7733333110809326
Specificity: 0.9027777910232544
Precision: 0.892307698726654
F1 Score: 0.8285713889160944
