MCC: 0.6589307424306124
Accuracy: 0.8299319744110107
Recall/Sensitivity: 0.8441558480262756
Specificity: 0.8142856955528259
Precision: 0.8333333134651184
F1 Score: 0.8387096692669774
