MCC: 0.7810871183916605
Accuracy: 0.8911564350128174
Recall/Sensitivity: 0.8823529481887817
Specificity: 0.8987341523170471
Precision: 0.8823529481887817
F1 Score: 0.8823529481887817
