MCC: 0.7548322333062599
Accuracy: 0.8707482814788818
Recall/Sensitivity: 0.8072289228439331
Specificity: 0.953125
Precision: 0.9571428298950195
F1 Score: 0.8758169862836898
