MCC: 0.6630788276203403
Accuracy: 0.8299319744110107
Recall/Sensitivity: 0.8767123222351074
Specificity: 0.7837837934494019
Precision: 0.800000011920929
F1 Score: 0.8366013404738323
