MCC: 0.7273600029779559
Accuracy: 0.8571428656578064
Recall/Sensitivity: 0.7792207598686218
Specificity: 0.9428571462631226
Precision: 0.9375
F1 Score: 0.8510637886956772
