MCC: 0.6184826149206663
Accuracy: 0.8095238208770752
Recall/Sensitivity: 0.807692289352417
Specificity: 0.8115941882133484
Precision: 0.8289473652839661
F1 Score: 0.8181818370413763
