MCC: 0.7114525969587976
Accuracy: 0.8503401279449463
Recall/Sensitivity: 0.921875
Specificity: 0.7951807379722595
Precision: 0.7763158082962036
F1 Score: 0.8428571539509052
