MCC: 0.7047087483937573
Accuracy: 0.8503401279449463
Recall/Sensitivity: 0.9220778942108154
Specificity: 0.7714285850524902
Precision: 0.8160919547080994
F1 Score: 0.8658536169445288
