MCC: 0.8660293560636813
Accuracy: 0.9319728016853333
Recall/Sensitivity: 0.9036144614219666
Specificity: 0.96875
Precision: 0.9740259647369385
F1 Score: 0.9374999678693721
