MCC: 0.7003160482180001
Accuracy: 0.8503401279449463
Recall/Sensitivity: 0.8684210777282715
Specificity: 0.8309859037399292
Precision: 0.8461538553237915
F1 Score: 0.8571428740722249
