MCC: 0.7707139547199077
Accuracy: 0.884353756904602
Recall/Sensitivity: 0.9166666865348816
Specificity: 0.8533333539962769
Precision: 0.8571428656578064
F1 Score: 0.8859060540950372
