MCC: 0.7478658474931681
Accuracy: 0.8707482814788818
Recall/Sensitivity: 0.9253731369972229
Specificity: 0.824999988079071
Precision: 0.8157894611358643
F1 Score: 0.8671328909001071
