MCC: 0.7275759822090437
Accuracy: 0.8639456033706665
Recall/Sensitivity: 0.8591549396514893
Specificity: 0.8684210777282715
Precision: 0.8591549396514893
F1 Score: 0.8591549396514893
