MCC: 0.6906818728555056
Accuracy: 0.8435373902320862
Recall/Sensitivity: 0.8823529481887817
Specificity: 0.8101266026496887
Precision: 0.800000011920929
F1 Score: 0.8391608191595163
