MCC: 0.6636363636363637
Accuracy: 0.8299319744110107
Recall/Sensitivity: 0.7922077775001526
Specificity: 0.8714285492897034
Precision: 0.8714285492897034
F1 Score: 0.8299319546779538
