MCC: 0.7376704299310561
Accuracy: 0.8707482814788818
Recall/Sensitivity: 0.9146341681480408
Specificity: 0.8153846263885498
Precision: 0.8620689511299133
F1 Score: 0.8875739671390872
