MCC: 0.7666869154071424
Accuracy: 0.884353756904602
Recall/Sensitivity: 0.8507462739944458
Specificity: 0.9125000238418579
Precision: 0.890625
F1 Score: 0.8702290104260902
