MCC: 0.727896512791024
Accuracy: 0.8639456033706665
Recall/Sensitivity: 0.8571428656578064
Specificity: 0.8714285492897034
Precision: 0.8799999952316284
F1 Score: 0.8684210844771363
