MCC: 0.7503366603779196
Accuracy: 0.8775510191917419
Recall/Sensitivity: 0.9036144614219666
Specificity: 0.84375
Precision: 0.8823529481887817
F1 Score: 0.8928571779982043
