MCC: 0.7958503695569872
Accuracy: 0.8979591727256775
Recall/Sensitivity: 0.8947368264198303
Specificity: 0.9014084339141846
Precision: 0.9066666960716248
F1 Score: 0.9006622582170802
