MCC: 0.7141534391625199
Accuracy: 0.8571428656578064
Recall/Sensitivity: 0.8472222089767456
Specificity: 0.8666666746139526
Precision: 0.8591549396514893
F1 Score: 0.853146851397976
