MCC: 0.7006490497453707
Accuracy: 0.8503401279449463
Recall/Sensitivity: 0.8571428656578064
Specificity: 0.8441558480262756
Precision: 0.8333333134651184
F1 Score: 0.8450704164576892
