MCC: 0.7603047028045529
Accuracy: 0.8775510191917419
Recall/Sensitivity: 0.9285714030265808
Specificity: 0.8311688303947449
Precision: 0.8333333134651184
F1 Score: 0.8783783559123471
