MCC: 0.6888183921991319
Accuracy: 0.8435373902320862
Recall/Sensitivity: 0.8160919547080994
Specificity: 0.8833333253860474
Precision: 0.9102563858032227
F1 Score: 0.8606060203441912
