MCC: 0.7684036048892138
Accuracy: 0.884353756904602
Recall/Sensitivity: 0.8732394576072693
Specificity: 0.8947368264198303
Precision: 0.8857142925262451
F1 Score: 0.8794326083136432
