MCC: 0.7307622120821408
Accuracy: 0.8639456033706665
Recall/Sensitivity: 0.8311688303947449
Specificity: 0.8999999761581421
Precision: 0.9014084339141846
F1 Score: 0.8648648269643229
