MCC: 0.7214731966721494
Accuracy: 0.8571428656578064
Recall/Sensitivity: 0.9333333373069763
Specificity: 0.7777777910232544
Precision: 0.8139534592628479
F1 Score: 0.8695652025045145
