MCC: 0.7953956890878399
Accuracy: 0.8979591727256775
Recall/Sensitivity: 0.9090909361839294
Specificity: 0.8857142925262451
Precision: 0.8974359035491943
F1 Score: 0.9032257931190285
