MCC: 0.7681026997563944
Accuracy: 0.884353756904602
Recall/Sensitivity: 0.8961039185523987
Specificity: 0.8714285492897034
Precision: 0.8846153616905212
F1 Score: 0.890322580114239
