MCC: 0.755
Accuracy: 0.8775510191917419
Recall/Sensitivity: 0.8799999952316284
Specificity: 0.875
Precision: 0.8799999952316284
F1 Score: 0.8799999952316284
