MCC: 0.7548716704162227
Accuracy: 0.8775510191917419
Recall/Sensitivity: 0.8717948794364929
Specificity: 0.8840579986572266
Precision: 0.8947368264198303
F1 Score: 0.8831168793972475
