MCC: 0.7415293591274604
Accuracy: 0.8707482814788818
Recall/Sensitivity: 0.8666666746139526
Specificity: 0.875
Precision: 0.8783783912658691
F1 Score: 0.8724832318612119
