MCC: 0.6725525110496103
Accuracy: 0.8367347121238708
Recall/Sensitivity: 0.8354430198669434
Specificity: 0.8382353186607361
Precision: 0.8571428656578064
F1 Score: 0.8461538112179228
