MCC: 0.7263588979895755
Accuracy: 0.8639456033706665
Recall/Sensitivity: 0.8529411554336548
Specificity: 0.8734177350997925
Precision: 0.8529411554336548
F1 Score: 0.8529411554336548
