MCC: 0.7823914388823305
Accuracy: 0.8911564350128174
Recall/Sensitivity: 0.9066666960716248
Specificity: 0.875
Precision: 0.8831169009208679
F1 Score: 0.8947368655611768
