MCC: 0.794439894184773
Accuracy: 0.8958333134651184
Recall/Sensitivity: 0.9615384340286255
Specificity: 0.8181818127632141
Precision: 0.8620689511299133
F1 Score: 0.9090908590821204
