MCC: 0.6058214655083637
Accuracy: 0.7916666865348816
Recall/Sensitivity: 0.7241379022598267
Specificity: 0.8947368264198303
Precision: 0.9130434989929199
F1 Score: 0.8076922979051537
