MCC: 0.4587317109255645
Accuracy: 0.7291666865348816
Recall/Sensitivity: 0.7200000286102295
Specificity: 0.739130437374115
Precision: 0.75
F1 Score: 0.734693892445975
