MCC: 0.5935721819818311
Accuracy: 0.800000011920929
Recall/Sensitivity: 0.8399999737739563
Specificity: 0.75
Precision: 0.807692289352417
F1 Score: 0.8235294194186675
