MCC: 0.5140370119973438
Accuracy: 0.7555555701255798
Recall/Sensitivity: 0.8260869383811951
Specificity: 0.6818181872367859
Precision: 0.7307692170143127
F1 Score: 0.7755101883426302
