MCC: 0.568353068157491
Accuracy: 0.8245614171028137
Recall/Sensitivity: 0.7333333492279053
Specificity: 0.8571428656578064
Precision: 0.6470588445663452
F1 Score: 0.6875000188592821
