MCC: 0.5477225575051662
Accuracy: 0.8070175647735596
Recall/Sensitivity: 0.5263158082962036
Specificity: 0.9473684430122375
Precision: 0.8333333134651184
F1 Score: 0.6451612702269462
