MCC: 0.5182738441781374
Accuracy: 0.7719298005104065
Recall/Sensitivity: 0.7777777910232544
Specificity: 0.7692307829856873
Precision: 0.6086956262588501
F1 Score: 0.6829268180636117
