MCC: 0.6091026317811973
Accuracy: 0.8070175647735596
Recall/Sensitivity: 0.625
Specificity: 0.939393937587738
Precision: 0.8823529481887817
F1 Score: 0.7317073194843045
