MCC: 0.5709223948597401
Accuracy: 0.7894737124443054
Recall/Sensitivity: 0.6800000071525574
Specificity: 0.875
Precision: 0.8095238208770752
F1 Score: 0.7391304141632337
