MCC: 0.5128205128205128
Accuracy: 0.7894737124443054
Recall/Sensitivity: 0.6666666865348816
Specificity: 0.8461538553237915
Precision: 0.6666666865348816
F1 Score: 0.6666666865348816
