MCC: 0.5150937615412615
Accuracy: 0.7719298005104065
Recall/Sensitivity: 0.6818181872367859
Specificity: 0.8285714387893677
Precision: 0.7142857313156128
F1 Score: 0.6976744593511484
