MCC: 0.6412906099281189
Accuracy: 0.859649121761322
Recall/Sensitivity: 0.7857142686843872
Specificity: 0.8837209343910217
Precision: 0.6875
F1 Score: 0.7333333259158663
