MCC: 0.4938814826645345
Accuracy: 0.7719298005104065
Recall/Sensitivity: 0.6499999761581421
Specificity: 0.837837815284729
Precision: 0.6842105388641357
F1 Score: 0.6666666600831157
