MCC: 0.6675406638071928
Accuracy: 0.859649121761322
Recall/Sensitivity: 0.8125
Specificity: 0.8780487775802612
Precision: 0.7222222089767456
F1 Score: 0.764705874928141
