MCC: 0.6052631578947368
Accuracy: 0.8245614171028137
Recall/Sensitivity: 0.7368420958518982
Specificity: 0.8684210777282715
Precision: 0.7368420958518982
F1 Score: 0.7368420958518982
