MCC: 0.7173143021145395
Accuracy: 0.8947368264198303
Recall/Sensitivity: 0.6666666865348816
Specificity: 0.976190447807312
Precision: 0.9090909361839294
F1 Score: 0.7692307921556326
