MCC: 0.6150681454354564
Accuracy: 0.8245614171028137
Recall/Sensitivity: 0.6666666865348816
Specificity: 0.9166666865348816
Precision: 0.8235294222831726
F1 Score: 0.73684212160903
