MCC: 0.6918918918918919
Accuracy: 0.859649121761322
Recall/Sensitivity: 0.800000011920929
Specificity: 0.8918918967247009
Precision: 0.800000011920929
F1 Score: 0.800000011920929
