MCC: 0.7121212121212122
Accuracy: 0.859649121761322
Recall/Sensitivity: 0.8333333134651184
Specificity: 0.8787878751754761
Precision: 0.8333333134651184
F1 Score: 0.8333333134651184
