MCC: 0.4225771273642583
Accuracy: 0.7543859481811523
Recall/Sensitivity: 0.5263158082962036
Specificity: 0.8684210777282715
Precision: 0.6666666865348816
F1 Score: 0.5882353429975822
