MCC: 0.7515358466703494
Accuracy: 0.8947368264198303
Recall/Sensitivity: 0.875
Specificity: 0.9024389982223511
Precision: 0.7777777910232544
F1 Score: 0.8235294191895058
