MCC: 0.6355498721227621
Accuracy: 0.8245614171028137
Recall/Sensitivity: 0.782608687877655
Specificity: 0.8529411554336548
Precision: 0.782608687877655
F1 Score: 0.782608687877655
