MCC: 0.7793194788879693
Accuracy: 0.9122806787490845
Recall/Sensitivity: 0.8666666746139526
Specificity: 0.9285714030265808
Precision: 0.8125
F1 Score: 0.8387096811407686
