MCC: 0.4941586780284728
Accuracy: 0.7719298005104065
Recall/Sensitivity: 0.75
Specificity: 0.7804877758026123
Precision: 0.5714285969734192
F1 Score: 0.648648694364411
