MCC: 0.5640949217136072
Accuracy: 0.8070175647735596
Recall/Sensitivity: 0.8461538553237915
Specificity: 0.7954545617103577
Precision: 0.550000011920929
F1 Score: 0.6666666498087884
