MCC: 0.6079906483600367
Accuracy: 0.8421052694320679
Recall/Sensitivity: 0.6470588445663452
Specificity: 0.925000011920929
Precision: 0.7857142686843872
F1 Score: 0.7096774250610061
