MCC: 0.6052952413269304
Accuracy: 0.8245614171028137
Recall/Sensitivity: 0.6000000238418579
Specificity: 0.9459459185600281
Precision: 0.8571428656578064
F1 Score: 0.7058824012023779
