MCC: 0.5725
Accuracy: 0.7894737124443054
Recall/Sensitivity: 0.7599999904632568
Specificity: 0.8125
Precision: 0.7599999904632568
F1 Score: 0.7599999904632568
