MCC: 0.5467793878409271
Accuracy: 0.7894737124443054
Recall/Sensitivity: 0.6363636255264282
Specificity: 0.8857142925262451
Precision: 0.7777777910232544
F1 Score: 0.6999999988079069
