MCC: 0.8406055240472927
Accuracy: 0.9298245906829834
Recall/Sensitivity: 0.8421052694320679
Specificity: 0.9736841917037964
Precision: 0.9411764740943909
F1 Score: 0.8888888642375862
