MCC: 0.47901199341707346
Accuracy: 0.8070175647735596
Recall/Sensitivity: 0.4375
Specificity: 0.9512194991111755
Precision: 0.7777777910232544
F1 Score: 0.5600000034332275
