MCC: 0.2561565965963757
Accuracy: 0.6666666865348816
Recall/Sensitivity: 0.3636363744735718
Specificity: 0.8571428656578064
Precision: 0.6153846383094788
F1 Score: 0.4571428720318541
