MCC: 0.7008005751434898
Accuracy: 0.859649121761322
Recall/Sensitivity: 0.7727272510528564
Specificity: 0.9142857193946838
Precision: 0.8500000238418579
F1 Score: 0.8095238084425455
