MCC: 0.7939535442091246
Accuracy: 0.9122806787490845
Recall/Sensitivity: 0.9333333373069763
Specificity: 0.9047619104385376
Precision: 0.7777777910232544
F1 Score: 0.8484848875644788
