MCC: 0.48126671093981094
Accuracy: 0.7894737124443054
Recall/Sensitivity: 0.5882353186607361
Specificity: 0.875
Precision: 0.6666666865348816
F1 Score: 0.6250000225845724
