MCC: 0.687746598728469
Accuracy: 0.8947368264198303
Recall/Sensitivity: 0.8181818127632141
Specificity: 0.9130434989929199
Precision: 0.692307710647583
F1 Score: 0.7500000380807463
