MCC: 0.5152098373193084
Accuracy: 0.7894737124443054
Recall/Sensitivity: 0.7058823704719543
Specificity: 0.824999988079071
Precision: 0.6315789222717285
F1 Score: 0.6666666902141811
