MCC: 0.6401515151515151
Accuracy: 0.8245614171028137
Recall/Sensitivity: 0.7916666865348816
Specificity: 0.8484848737716675
Precision: 0.7916666865348816
F1 Score: 0.7916666865348816
