MCC: 0.5541137446788719
Accuracy: 0.7719298005104065
Recall/Sensitivity: 0.6296296119689941
Specificity: 0.8999999761581421
Precision: 0.8500000238418579
F1 Score: 0.723404252297093
