MCC: 0.7482643858621036
Accuracy: 0.8771929740905762
Recall/Sensitivity: 0.7916666865348816
Specificity: 0.939393937587738
Precision: 0.9047619104385376
F1 Score: 0.8444444878896088
