MCC: 0.6296022110770116
Accuracy: 0.8421052694320679
Recall/Sensitivity: 0.7647058963775635
Specificity: 0.875
Precision: 0.7222222089767456
F1 Score: 0.7428571424678878
