MCC: 0.562399712209596
Accuracy: 0.8070175647735596
Recall/Sensitivity: 0.6000000238418579
Specificity: 0.9189189076423645
Precision: 0.800000011920929
F1 Score: 0.6857142764694847
