MCC: 0.7425257825928512
Accuracy: 0.8947368264198303
Recall/Sensitivity: 0.7647058963775635
Specificity: 0.949999988079071
Precision: 0.8666666746139526
F1 Score: 0.8125000114087015
