MCC: 0.76967932597382
Accuracy: 0.9122806787490845
Recall/Sensitivity: 0.800000011920929
Specificity: 0.9523809552192688
Precision: 0.8571428656578064
F1 Score: 0.8275862172440881
