MCC: 0.7485294117647059
Accuracy: 0.8947368264198303
Recall/Sensitivity: 0.8235294222831726
Specificity: 0.925000011920929
Precision: 0.8235294222831726
F1 Score: 0.8235294222831726
