MCC: 0.5471026110048515
Accuracy: 0.8070175647735596
Recall/Sensitivity: 0.6666666865348816
Specificity: 0.8717948794364929
Precision: 0.7058823704719543
F1 Score: 0.6857143044958309
