MCC: 0.6746010525388914
Accuracy: 0.8421052694320679
Recall/Sensitivity: 0.75
Specificity: 0.9090909361839294
Precision: 0.8571428656578064
F1 Score: 0.7999999740388669
