MCC: 0.5941815993453703
Accuracy: 0.8070175647735596
Recall/Sensitivity: 0.695652186870575
Specificity: 0.8823529481887817
Precision: 0.800000011920929
F1 Score: 0.7441860590837271
