MCC: 0.5026155365907202
Accuracy: 0.7894737124443054
Recall/Sensitivity: 0.5263158082962036
Specificity: 0.9210526347160339
Precision: 0.7692307829856873
F1 Score: 0.6250000465661301
