MCC: 0.5051232539302953
Accuracy: 0.8245614171028137
Recall/Sensitivity: 0.6666666865348816
Specificity: 0.8666666746139526
Precision: 0.5714285969734192
F1 Score: 0.615384638662169
