MCC: 0.38482004239642537
Accuracy: 0.719298243522644
Recall/Sensitivity: 0.4545454680919647
Specificity: 0.8857142925262451
Precision: 0.7142857313156128
F1 Score: 0.5555555566593456
