MCC: 0.7678669978803301
Accuracy: 0.8947368264198303
Recall/Sensitivity: 0.9375
Specificity: 0.8780487775802612
Precision: 0.75
F1 Score: 0.8333333333333334
