MCC: 0.8837879163470618
Accuracy: 0.9473684430122375
Recall/Sensitivity: 0.8999999761581421
Specificity: 0.9729729890823364
Precision: 0.9473684430122375
F1 Score: 0.9230768911780538
