MCC: 0.6840125796416067
Accuracy: 0.8771929740905762
Recall/Sensitivity: 0.6875
Specificity: 0.9512194991111755
Precision: 0.8461538553237915
F1 Score: 0.7586206933405963
