MCC: 0.4629100498862757
Accuracy: 0.7543859481811523
Recall/Sensitivity: 0.6842105388641357
Specificity: 0.7894737124443054
Precision: 0.6190476417541504
F1 Score: 0.6500000181794165
