MCC: 0.5744901328136133
Accuracy: 0.7894737124443054
Recall/Sensitivity: 0.7307692170143127
Specificity: 0.8387096524238586
Precision: 0.7916666865348816
F1 Score: 0.7600000017166134
