MCC: 0.7522151176820655
Accuracy: 0.8947368264198303
Recall/Sensitivity: 0.9285714030265808
Specificity: 0.8837209343910217
Precision: 0.7222222089767456
F1 Score: 0.812500011175872
