MCC: 0.5709223948597401
Accuracy: 0.8421052694320679
Recall/Sensitivity: 0.6000000238418579
Specificity: 0.9285714030265808
Precision: 0.75
F1 Score: 0.6666666813838626
