MCC: 0.575
Accuracy: 0.7894737124443054
Recall/Sensitivity: 0.6399999856948853
Specificity: 0.90625
Precision: 0.8421052694320679
F1 Score: 0.727272720376322
