MCC: 0.4920102020465559
Accuracy: 0.8070175647735596
Recall/Sensitivity: 0.6000000238418579
Specificity: 0.8809523582458496
Precision: 0.6428571343421936
F1 Score: 0.6206896341938477
