MCC: 0.5750984614986537
Accuracy: 0.8070175647735596
Recall/Sensitivity: 0.6190476417541504
Specificity: 0.9166666865348816
Precision: 0.8125
F1 Score: 0.702702717331746
