MCC: 0.6970792523613788
Accuracy: 0.8771929740905762
Recall/Sensitivity: 0.7058823704719543
Specificity: 0.949999988079071
Precision: 0.8571428656578064
F1 Score: 0.7741935624044222
