MCC: 0.5412221767877551
Accuracy: 0.7543859481811523
Recall/Sensitivity: 0.9285714030265808
Specificity: 0.6976743936538696
Precision: 0.5
F1 Score: 0.6499999666213997
