MCC: 0.662595343916706
Accuracy: 0.8421052694320679
Recall/Sensitivity: 0.6190476417541504
Specificity: 0.9722222089767456
Precision: 0.9285714030265808
F1 Score: 0.7428571224212647
