MCC: 0.5383247530938363
Accuracy: 0.7894737124443054
Recall/Sensitivity: 0.523809552192688
Specificity: 0.9444444179534912
Precision: 0.8461538553237915
F1 Score: 0.647058847866256
