MCC: 0.725
Accuracy: 0.859649121761322
Recall/Sensitivity: 0.9473684430122375
Specificity: 0.8157894611358643
Precision: 0.7200000286102295
F1 Score: 0.8181818740919612
