MCC: 0.526578073089701
Accuracy: 0.8245614171028137
Recall/Sensitivity: 0.6428571343421936
Specificity: 0.8837209343910217
Precision: 0.6428571343421936
F1 Score: 0.6428571343421936
