MCC: 0.5017482517482518
Accuracy: 0.8245614171028137
Recall/Sensitivity: 0.6153846383094788
Specificity: 0.8863636255264282
Precision: 0.6153846383094788
F1 Score: 0.6153846383094788
