MCC: 0.7389884275845571
Accuracy: 0.8771929740905762
Recall/Sensitivity: 0.7727272510528564
Specificity: 0.9428571462631226
Precision: 0.8947368264198303
F1 Score: 0.8292683031075355
