MCC: 0.8544784126535336
Accuracy: 0.9298245906829834
Recall/Sensitivity: 0.9523809552192688
Specificity: 0.9166666865348816
Precision: 0.8695651888847351
F1 Score: 0.9090908948054981
