MCC: 0.4849401320137568
Accuracy: 0.7719298005104065
Recall/Sensitivity: 0.7058823704719543
Specificity: 0.800000011920929
Precision: 0.6000000238418579
F1 Score: 0.6486486403762741
