MCC: 0.5479490295253897
Accuracy: 0.7719298005104065
Recall/Sensitivity: 0.6153846383094788
Specificity: 0.9032257795333862
Precision: 0.8421052694320679
F1 Score: 0.7111110995728301
