MCC: 0.7389884275845571
Accuracy: 0.8771929740905762
Recall/Sensitivity: 0.8947368264198303
Specificity: 0.8684210777282715
Precision: 0.7727272510528564
F1 Score: 0.8292683031075355
