MCC: 0.6645336008970395
Accuracy: 0.859649121761322
Recall/Sensitivity: 0.6666666865348816
Specificity: 0.9487179517745972
Precision: 0.8571428656578064
F1 Score: 0.7500000158324837
