MCC: 0.8145928053705351
Accuracy: 0.9298245906829834
Recall/Sensitivity: 0.800000011920929
Specificity: 0.976190447807312
Precision: 0.9230769276618958
F1 Score: 0.8571428659619117
