MCC: 0.555760767080161
Accuracy: 0.8245614171028137
Recall/Sensitivity: 0.529411792755127
Specificity: 0.949999988079071
Precision: 0.8181818127632141
F1 Score: 0.6428571902975755
