MCC: 0.6275344557789135
Accuracy: 0.8245614171028137
Recall/Sensitivity: 0.6363636255264282
Specificity: 0.9428571462631226
Precision: 0.875
F1 Score: 0.7368420979983258
