MCC: 0.6747277215708715
Accuracy: 0.8421052694320679
Recall/Sensitivity: 0.8260869383811951
Specificity: 0.8529411554336548
Precision: 0.7916666865348816
F1 Score: 0.8085106399707954
