MCC: 0.650988869036973
Accuracy: 0.859649121761322
Recall/Sensitivity: 0.8461538553237915
Specificity: 0.8636363744735718
Precision: 0.6470588445663452
F1 Score: 0.7333333502875433
