MCC: 0.6784005252999682
Accuracy: 0.8421052694320679
Recall/Sensitivity: 0.7083333134651184
Specificity: 0.939393937587738
Precision: 0.8947368264198303
F1 Score: 0.7906976559150535
