MCC: 0.6925542652070019
Accuracy: 0.8421052694320679
Recall/Sensitivity: 0.6800000071525574
Specificity: 0.96875
Precision: 0.9444444179534912
F1 Score: 0.7906976409574796
