MCC: 0.74491281697599
Accuracy: 0.9122806787490845
Recall/Sensitivity: 0.7692307829856873
Specificity: 0.9545454382896423
Precision: 0.8333333134651184
F1 Score: 0.7999999982833859
