MCC: 0.623015873015873
Accuracy: 0.8245614171028137
Recall/Sensitivity: 0.761904776096344
Specificity: 0.8611111044883728
Precision: 0.761904776096344
F1 Score: 0.761904776096344
