MCC: 0.6645102725226962
Accuracy: 0.8421052694320679
Recall/Sensitivity: 0.7727272510528564
Specificity: 0.8857142925262451
Precision: 0.8095238208770752
F1 Score: 0.7906976684871524
