MCC: 0.6050955646039996
Accuracy: 0.859649121761322
Recall/Sensitivity: 0.6428571343421936
Specificity: 0.930232584476471
Precision: 0.75
F1 Score: 0.6923077169960079
