MCC: 0.5144875716162495
Accuracy: 0.7543859481811523
Recall/Sensitivity: 0.5769230723381042
Specificity: 0.9032257795333862
Precision: 0.8333333134651184
F1 Score: 0.6818181719661743
