MCC: 0.6752136752136753
Accuracy: 0.859649121761322
Recall/Sensitivity: 0.7777777910232544
Specificity: 0.8974359035491943
Precision: 0.7777777910232544
F1 Score: 0.7777777910232544
