MCC: 0.7022091217334221
Accuracy: 0.8771929740905762
Recall/Sensitivity: 0.7647058963775635
Specificity: 0.925000011920929
Precision: 0.8125
F1 Score: 0.7878787953225267
