MCC: 0.7319942445829645
Accuracy: 0.8947368264198303
Recall/Sensitivity: 0.75
Specificity: 0.9512194991111755
Precision: 0.8571428656578064
F1 Score: 0.7999999740388669
