MCC: 0.78639730169459
Accuracy: 0.8947368264198303
Recall/Sensitivity: 0.8399999737739563
Specificity: 0.9375
Precision: 0.9130434989929199
F1 Score: 0.8750000250422295
