MCC: 0.6784005252999681
Accuracy: 0.8421052694320679
Recall/Sensitivity: 0.800000011920929
Specificity: 0.875
Precision: 0.8333333134651184
F1 Score: 0.8163265272857047
