MCC: 0.6067233855582205
Accuracy: 0.8421052694320679
Recall/Sensitivity: 0.529411792755127
Specificity: 0.9750000238418579
Precision: 0.8999999761581421
F1 Score: 0.6666666823650084
