MCC: 0.686784971205396
Accuracy: 0.859649121761322
Recall/Sensitivity: 0.75
Specificity: 0.9189189076423645
Precision: 0.8333333134651184
F1 Score: 0.7894737050143646
