MCC: 0.6349812749303677
Accuracy: 0.8421052694320679
Recall/Sensitivity: 0.6842105388641357
Specificity: 0.9210526347160339
Precision: 0.8125
F1 Score: 0.7428571502529844
