MCC: 0.5354715022573374
Accuracy: 0.7719298005104065
Recall/Sensitivity: 0.6399999856948853
Specificity: 0.875
Precision: 0.800000011920929
F1 Score: 0.7111110775559047
