MCC: 0.4979089183548688
Accuracy: 0.8070175647735596
Recall/Sensitivity: 0.692307710647583
Specificity: 0.8409090638160706
Precision: 0.5625
F1 Score: 0.6206896625432615
