MCC: 0.5538069407831346
Accuracy: 0.859649121761322
Recall/Sensitivity: 0.699999988079071
Specificity: 0.8936170339584351
Precision: 0.5833333134651184
F1 Score: 0.6363636196152237
