MCC: 0.7178049194865026
Accuracy: 0.8771929740905762
Recall/Sensitivity: 0.7368420958518982
Specificity: 0.9473684430122375
Precision: 0.875
F1 Score: 0.7999999648697533
