MCC: 0.686773437176115
Accuracy: 0.8421052694320679
Recall/Sensitivity: 0.6666666865348816
Specificity: 0.9696969985961914
Precision: 0.9411764740943909
F1 Score: 0.7804878196994297
