MCC: 0.7121018111491717
Accuracy: 0.8771929740905762
Recall/Sensitivity: 0.8235294222831726
Specificity: 0.8999999761581421
Precision: 0.7777777910232544
F1 Score: 0.8000000417475809
