MCC: 0.40968143072429697
Accuracy: 0.719298243522644
Recall/Sensitivity: 0.6086956262588501
Specificity: 0.7941176295280457
Precision: 0.6666666865348816
F1 Score: 0.6363636609936554
