MCC: 0.48297655224479397
Accuracy: 0.7543859481811523
Recall/Sensitivity: 0.52173912525177
Specificity: 0.9117646813392639
Precision: 0.800000011920929
F1 Score: 0.6315789188044236
