MCC: 0.43162393162393164
Accuracy: 0.7543859481811523
Recall/Sensitivity: 0.6111111044883728
Specificity: 0.8205128312110901
Precision: 0.6111111044883728
F1 Score: 0.6111111044883728
