MCC: 0.7159468438538206
Accuracy: 0.8947368264198303
Recall/Sensitivity: 0.7857142686843872
Specificity: 0.930232584476471
Precision: 0.7857142686843872
F1 Score: 0.7857142686843872
