MCC: 0.6252889819805807
Accuracy: 0.8245614171028137
Recall/Sensitivity: 0.800000011920929
Specificity: 0.837837815284729
Precision: 0.7272727489471436
F1 Score: 0.7619048089397208
