MCC: 0.5845665766889773
Accuracy: 0.8421052694320679
Recall/Sensitivity: 0.6666666865348816
Specificity: 0.9047619104385376
Precision: 0.7142857313156128
F1 Score: 0.6896552207495468
