MCC: 0.5642938227798692
Accuracy: 0.7894737124443054
Recall/Sensitivity: 0.800000011920929
Specificity: 0.7837837934494019
Precision: 0.6666666865348816
F1 Score: 0.7272727440211398
