MCC: 0.43415886165094414
Accuracy: 0.7368420958518982
Recall/Sensitivity: 0.40909090638160706
Specificity: 0.9428571462631226
Precision: 0.8181818127632141
F1 Score: 0.5454545285966664
