MCC: 0.7278253428740509
Accuracy: 0.8771929740905762
Recall/Sensitivity: 0.800000011920929
Specificity: 0.9189189076423645
Precision: 0.8421052694320679
F1 Score: 0.8205127999784141
