MCC: 0.3398301273938429
Accuracy: 0.7543859481811523
Recall/Sensitivity: 0.5384615659713745
Specificity: 0.8181818127632141
Precision: 0.46666666865348816
F1 Score: 0.4999999981753682
