MCC: 0.6560382449688346
Accuracy: 0.8421052694320679
Recall/Sensitivity: 0.6666666865348816
Specificity: 0.9444444179534912
Precision: 0.875
F1 Score: 0.7567567402990836
