MCC: 0.6945667492672501
Accuracy: 0.859649121761322
Recall/Sensitivity: 0.7142857313156128
Specificity: 0.9444444179534912
Precision: 0.8823529481887817
F1 Score: 0.7894736974193118
