MCC: 0.5232115161481884
Accuracy: 0.7719298005104065
Recall/Sensitivity: 0.695652186870575
Specificity: 0.8235294222831726
Precision: 0.7272727489471436
F1 Score: 0.7111110984543236
