MCC: 0.5860942701532694
Accuracy: 0.8070175647735596
Recall/Sensitivity: 0.6818181872367859
Specificity: 0.8857142925262451
Precision: 0.7894737124443054
F1 Score: 0.7317073323200458
