MCC: 0.6779076806833005
Accuracy: 0.859649121761322
Recall/Sensitivity: 0.7368420958518982
Specificity: 0.9210526347160339
Precision: 0.8235294222831726
F1 Score: 0.7777777772258828
