MCC: 0.607700641187805
Accuracy: 0.8245614171028137
Recall/Sensitivity: 0.699999988079071
Specificity: 0.8918918967247009
Precision: 0.7777777910232544
F1 Score: 0.736842134322487
