MCC: 0.7094992021279517
Accuracy: 0.9122806787490845
Recall/Sensitivity: 0.800000011920929
Specificity: 0.936170220375061
Precision: 0.7272727489471436
F1 Score: 0.7619048089397208
