MCC: 0.5497773888176716
Accuracy: 0.7894737124443054
Recall/Sensitivity: 0.6818181872367859
Specificity: 0.8571428656578064
Precision: 0.75
F1 Score: 0.7142856875244464
