MCC: 0.43478266298918133
Accuracy: 0.7894737124443054
Recall/Sensitivity: 0.6153846383094788
Specificity: 0.8409090638160706
Precision: 0.5333333611488342
F1 Score: 0.5714285972775245
