MCC: 0.6647058823529411
Accuracy: 0.859649121761322
Recall/Sensitivity: 0.7647058963775635
Specificity: 0.8999999761581421
Precision: 0.7647058963775635
F1 Score: 0.7647058963775635
