MCC: 0.8355310295335062
Accuracy: 0.9298245906829834
Recall/Sensitivity: 0.8333333134651184
Specificity: 0.9743589758872986
Precision: 0.9375
F1 Score: 0.8823529597384715
