MCC: 0.5768520841120135
Accuracy: 0.8245614171028137
Recall/Sensitivity: 0.6111111044883728
Specificity: 0.9230769276618958
Precision: 0.7857142686843872
F1 Score: 0.6875000186264527
