MCC: 0.7204880221302937
Accuracy: 0.8771929740905762
Recall/Sensitivity: 0.6842105388641357
Specificity: 0.9736841917037964
Precision: 0.9285714030265808
F1 Score: 0.7878787578848991
