MCC: 0.5154036096674839
Accuracy: 0.8245614171028137
Recall/Sensitivity: 0.5333333611488342
Specificity: 0.9285714030265808
Precision: 0.7272727489471436
F1 Score: 0.6153846707569791
