MCC: 0.686784971205396
Accuracy: 0.859649121761322
Recall/Sensitivity: 0.8333333134651184
Specificity: 0.8717948794364929
Precision: 0.75
F1 Score: 0.7894737050143646
