MCC: 0.45643546458763845
Accuracy: 0.7719298005104065
Recall/Sensitivity: 0.4736842215061188
Specificity: 0.9210526347160339
Precision: 0.75
F1 Score: 0.5806451836808294
