MCC: 0.7435025403466419
Accuracy: 0.8771929740905762
Recall/Sensitivity: 0.7272727489471436
Specificity: 0.9714285731315613
Precision: 0.9411764740943909
F1 Score: 0.8205128649517874
