MCC: 0.5815840659268664
Accuracy: 0.8070175647735596
Recall/Sensitivity: 0.7142857313156128
Specificity: 0.8611111044883728
Precision: 0.75
F1 Score: 0.7317073260085487
