MCC: 0.6721363916685219
Accuracy: 0.8421052694320679
Recall/Sensitivity: 0.8888888955116272
Specificity: 0.8205128312110901
Precision: 0.695652186870575
F1 Score: 0.7804878155863193
