MCC: 0.6287393716325208
Accuracy: 0.8771929740905762
Recall/Sensitivity: 0.6153846383094788
Specificity: 0.9545454382896423
Precision: 0.800000011920929
F1 Score: 0.6956521930676551
