MCC: 0.5286163111702139
Accuracy: 0.7894737124443054
Recall/Sensitivity: 0.6499999761581421
Specificity: 0.8648648858070374
Precision: 0.7222222089767456
F1 Score: 0.6842105071630504
