MCC: 0.7260004883345487
Accuracy: 0.8771929740905762
Recall/Sensitivity: 0.75
Specificity: 0.9459459185600281
Precision: 0.8823529481887817
F1 Score: 0.8108108137714506
