MCC: 0.8449536312405782
Accuracy: 0.9298245906829834
Recall/Sensitivity: 0.8500000238418579
Specificity: 0.9729729890823364
Precision: 0.9444444179534912
F1 Score: 0.894736843426141
