MCC: 0.7082426502320032
Accuracy: 0.8771929740905762
Recall/Sensitivity: 0.8666666746139526
Specificity: 0.8809523582458496
Precision: 0.7222222089767456
F1 Score: 0.7878787832811843
