MCC: 0.7592566023652966
Accuracy: 0.8947368264198303
Recall/Sensitivity: 0.7894737124443054
Specificity: 0.9473684430122375
Precision: 0.8823529481887817
F1 Score: 0.8333333819000819
