MCC: 0.6943650748294136
Accuracy: 0.859649121761322
Recall/Sensitivity: 0.761904776096344
Specificity: 0.9166666865348816
Precision: 0.8421052694320679
F1 Score: 0.7999999809265147
