MCC: 0.6471036073356411
Accuracy: 0.8771929740905762
Recall/Sensitivity: 0.8888888955116272
Specificity: 0.875
Precision: 0.5714285969734192
F1 Score: 0.6956521948704419
