MCC: 0.45208846016299425
Accuracy: 0.7543859481811523
Recall/Sensitivity: 0.523809552192688
Specificity: 0.8888888955116272
Precision: 0.7333333492279053
F1 Score: 0.6111111359463796
