MCC: 0.5476190476190477
Accuracy: 0.7894737124443054
Recall/Sensitivity: 0.7142857313156128
Specificity: 0.8333333134651184
Precision: 0.7142857313156128
F1 Score: 0.7142857313156128
