MCC: 0.6691115797937909
Accuracy: 0.8421052694320679
Recall/Sensitivity: 0.739130437374115
Specificity: 0.9117646813392639
Precision: 0.8500000238418579
F1 Score: 0.7906977158742968
