MCC: 0.7205766921228921
Accuracy: 0.8771929740905762
Recall/Sensitivity: 0.8333333134651184
Specificity: 0.8974359035491943
Precision: 0.7894737124443054
F1 Score: 0.8108108162967014
