MCC: 0.6554394253751711
Accuracy: 0.859649121761322
Recall/Sensitivity: 0.7058823704719543
Specificity: 0.925000011920929
Precision: 0.800000011920929
F1 Score: 0.7500000151339918
