MCC: 0.5909607489982377
Accuracy: 0.8421052694320679
Recall/Sensitivity: 0.625
Specificity: 0.9268292784690857
Precision: 0.7692307829856873
F1 Score: 0.6896551484585388
