MCC: 0.6168660088575051
Accuracy: 0.8421052694320679
Recall/Sensitivity: 0.7058823704719543
Specificity: 0.8999999761581421
Precision: 0.75
F1 Score: 0.7272727663523577
