MCC: 0.6351012978545906
Accuracy: 0.859649121761322
Recall/Sensitivity: 0.625
Specificity: 0.9512194991111755
Precision: 0.8333333134651184
F1 Score: 0.7142857361812993
