MCC: 0.5965587590013045
Accuracy: 0.8245614171028137
Recall/Sensitivity: 0.6842105388641357
Specificity: 0.8947368264198303
Precision: 0.7647058963775635
F1 Score: 0.7222222354676988
