MCC: 0.6498440561375455
Accuracy: 0.8421052694320679
Recall/Sensitivity: 0.75
Specificity: 0.8918918967247009
Precision: 0.7894737124443054
F1 Score: 0.7692307528502695
