MCC: 0.495283323920195
Accuracy: 0.7543859481811523
Recall/Sensitivity: 0.8125
Specificity: 0.7317073345184326
Precision: 0.5416666865348816
F1 Score: 0.649999985694886
