MCC: 0.707735047660972
Accuracy: 0.859649121761322
Recall/Sensitivity: 0.6818181872367859
Specificity: 0.9714285731315613
Precision: 0.9375
F1 Score: 0.7894736587836152
