MCC: 0.7392185280134135
Accuracy: 0.8771929740905762
Recall/Sensitivity: 0.8571428656578064
Specificity: 0.8888888955116272
Precision: 0.8181818127632141
F1 Score: 0.8372093035505551
