MCC: 0.5133242076507583
Accuracy: 0.8070175647735596
Recall/Sensitivity: 0.6666666865348816
Specificity: 0.8571428656578064
Precision: 0.625
F1 Score: 0.6451612698548058
