MCC: 0.723730036851041
Accuracy: 0.859649121761322
Recall/Sensitivity: 0.7777777910232544
Specificity: 0.9333333373069763
Precision: 0.9130434989929199
F1 Score: 0.8400000164985657
