MCC: 0.5232115161481884
Accuracy: 0.7719298005104065
Recall/Sensitivity: 0.7272727489471436
Specificity: 0.800000011920929
Precision: 0.695652186870575
F1 Score: 0.7111110984543236
