MCC: 0.45988334061842767
Accuracy: 0.7894737124443054
Recall/Sensitivity: 0.5625
Specificity: 0.8780487775802612
Precision: 0.6428571343421936
F1 Score: 0.6000000259611357
