MCC: 0.48917056732698744
Accuracy: 0.7894737124443054
Recall/Sensitivity: 0.7142857313156128
Specificity: 0.8139534592628479
Precision: 0.5555555820465088
F1 Score: 0.6250000232830643
