MCC: 0.5765272462919676
Accuracy: 0.8070175647735596
Recall/Sensitivity: 0.7777777910232544
Specificity: 0.8205128312110901
Precision: 0.6666666865348816
F1 Score: 0.7179487647389531
