MCC: 0.6200707495824445
Accuracy: 0.8070175647735596
Recall/Sensitivity: 0.5833333134651184
Specificity: 0.9696969985961914
Precision: 0.9333333373069763
F1 Score: 0.7179487040762362
