MCC: 0.7330132131426444
Accuracy: 0.8771929740905762
Recall/Sensitivity: 0.8888888955116272
Specificity: 0.8717948794364929
Precision: 0.761904776096344
F1 Score: 0.8205128315637803
