MCC: 0.3704476511350318
Accuracy: 0.719298243522644
Recall/Sensitivity: 0.550000011920929
Specificity: 0.8108108043670654
Precision: 0.6111111044883728
F1 Score: 0.5789473720534685
