MCC: 0.5476190476190477
Accuracy: 0.8245614171028137
Recall/Sensitivity: 0.6666666865348816
Specificity: 0.8809523582458496
Precision: 0.6666666865348816
F1 Score: 0.6666666865348816
