MCC: 0.7018362291689512
Accuracy: 0.859649121761322
Recall/Sensitivity: 0.7272727489471436
Specificity: 0.9428571462631226
Precision: 0.8888888955116272
F1 Score: 0.8000000452995311
