MCC: 0.7018362291689512
Accuracy: 0.859649121761322
Recall/Sensitivity: 0.8888888955116272
Specificity: 0.8461538553237915
Precision: 0.7272727489471436
F1 Score: 0.8000000452995311
