MCC: 0.5297351985845198
Accuracy: 0.8245614171028137
Recall/Sensitivity: 0.6000000238418579
Specificity: 0.9047619104385376
Precision: 0.692307710647583
F1 Score: 0.6428571644486213
