MCC: 0.6906543884755656
Accuracy: 0.8771929740905762
Recall/Sensitivity: 0.75
Specificity: 0.9268292784690857
Precision: 0.800000011920929
F1 Score: 0.7741935837405292
