MCC: 0.7946014112213319
Accuracy: 0.9122806787490845
Recall/Sensitivity: 0.8333333134651184
Specificity: 0.9487179517745972
Precision: 0.8823529481887817
F1 Score: 0.8571428201636498
