MCC: 0.7440415602422115
Accuracy: 0.8771929740905762
Recall/Sensitivity: 0.782608687877655
Specificity: 0.9411764740943909
Precision: 0.8999999761581421
F1 Score: 0.8372093172186846
