MCC: 0.4734635573999073
Accuracy: 0.8245614171028137
Recall/Sensitivity: 0.75
Specificity: 0.8367347121238708
Precision: 0.4285714328289032
F1 Score: 0.545454535109938
