MCC: 0.8154355063002009
Accuracy: 0.9122806787490845
Recall/Sensitivity: 0.8181818127632141
Specificity: 0.9714285731315613
Precision: 0.9473684430122375
F1 Score: 0.8780487867993019
