MCC: 0.7339992004456315
Accuracy: 0.8771929740905762
Recall/Sensitivity: 0.8095238208770752
Specificity: 0.9166666865348816
Precision: 0.8500000238418579
F1 Score: 0.8292683099863573
