MCC: 0.6686478498357317
Accuracy: 0.8771929740905762
Recall/Sensitivity: 0.8333333134651184
Specificity: 0.8888888955116272
Precision: 0.6666666865348816
F1 Score: 0.740740745155899
