MCC: 0.7875522346093391
Accuracy: 0.9122806787490845
Recall/Sensitivity: 0.8235294222831726
Specificity: 0.949999988079071
Precision: 0.875
F1 Score: 0.848484824292698
