MCC: 0.5672953457626894
Accuracy: 0.859649121761322
Recall/Sensitivity: 0.5384615659713745
Specificity: 0.9545454382896423
Precision: 0.7777777910232544
F1 Score: 0.6363636600084539
