MCC: 0.6612039899006082
Accuracy: 0.8771929740905762
Recall/Sensitivity: 0.7142857313156128
Specificity: 0.930232584476471
Precision: 0.7692307829856873
F1 Score: 0.7407407860370014
