MCC: 0.6321521717802171
Accuracy: 0.8245614171028137
Recall/Sensitivity: 0.695652186870575
Specificity: 0.9117646813392639
Precision: 0.8421052694320679
F1 Score: 0.7619048017763508
