MCC: 0.5368208622777604
Accuracy: 0.8070175647735596
Recall/Sensitivity: 0.7333333492279053
Specificity: 0.8333333134651184
Precision: 0.6111111044883728
F1 Score: 0.6666666397378477
