MCC: 0.594017094017094
Accuracy: 0.8245614171028137
Recall/Sensitivity: 0.7222222089767456
Specificity: 0.8717948794364929
Precision: 0.7222222089767456
F1 Score: 0.7222222089767456
