MCC: 0.6860568691342015
Accuracy: 0.859649121761322
Recall/Sensitivity: 0.699999988079071
Specificity: 0.9459459185600281
Precision: 0.875
F1 Score: 0.7777777409847882
