MCC: 0.36141497736501266
Accuracy: 0.7543859481811523
Recall/Sensitivity: 0.4117647111415863
Specificity: 0.8999999761581421
Precision: 0.6363636255264282
F1 Score: 0.4999999863152603
