MCC: 0.8679845693003729
Accuracy: 0.9473684430122375
Recall/Sensitivity: 0.9333333373069763
Specificity: 0.9523809552192688
Precision: 0.875
F1 Score: 0.9032257785410102
