MCC: 0.654770229717306
Accuracy: 0.8421052694320679
Recall/Sensitivity: 0.8333333134651184
Specificity: 0.8461538553237915
Precision: 0.7142857313156128
F1 Score: 0.7692307410155533
