MCC: 0.654770229717306
Accuracy: 0.8421052694320679
Recall/Sensitivity: 0.7142857313156128
Specificity: 0.9166666865348816
Precision: 0.8333333134651184
F1 Score: 0.7692307410155533
