MCC: 0.57186276940104
Accuracy: 0.8070175647735596
Recall/Sensitivity: 0.7368420958518982
Specificity: 0.8421052694320679
Precision: 0.699999988079071
F1 Score: 0.7179487072112606
