MCC: 0.6906958075537498
Accuracy: 0.859649121761322
Recall/Sensitivity: 0.6499999761581421
Specificity: 0.9729729890823364
Precision: 0.9285714030265808
F1 Score: 0.7647058860653422
