MCC: 0.8006407690254357
Accuracy: 0.9122806787490845
Recall/Sensitivity: 0.8888888955116272
Specificity: 0.9230769276618958
Precision: 0.8421052694320679
F1 Score: 0.8648648415280583
