MCC: 0.4742657956547625
Accuracy: 0.7543859481811523
Recall/Sensitivity: 0.6363636255264282
Specificity: 0.8285714387893677
Precision: 0.699999988079071
F1 Score: 0.6666666850481457
