MCC: 0.7121018111491717
Accuracy: 0.8771929740905762
Recall/Sensitivity: 0.7777777910232544
Specificity: 0.9230769276618958
Precision: 0.8235294222831726
F1 Score: 0.8000000417475809
