MCC: 0.6246877341798582
Accuracy: 0.859649121761322
Recall/Sensitivity: 0.7692307829856873
Specificity: 0.8863636255264282
Precision: 0.6666666865348816
F1 Score: 0.7142857316197181
