MCC: 0.7793646498329633
Accuracy: 0.8947368264198303
Recall/Sensitivity: 0.9444444179534912
Specificity: 0.8717948794364929
Precision: 0.7727272510528564
F1 Score: 0.849999976158142
