MCC: 0.5898020170319789
Accuracy: 0.8070175647735596
Recall/Sensitivity: 0.7272727489471436
Specificity: 0.8571428656578064
Precision: 0.761904776096344
F1 Score: 0.7441860944145507
