MCC: 0.638095238095238
Accuracy: 0.859649121761322
Recall/Sensitivity: 0.7333333492279053
Specificity: 0.9047619104385376
Precision: 0.7333333492279053
F1 Score: 0.7333333492279053
