MCC: 0.6390096504226939
Accuracy: 0.8421052694320679
Recall/Sensitivity: 0.5789473652839661
Specificity: 0.9736841917037964
Precision: 0.9166666865348816
F1 Score: 0.7096774229522053
