MCC: 0.6412906099281189
Accuracy: 0.859649121761322
Recall/Sensitivity: 0.6875
Specificity: 0.9268292784690857
Precision: 0.7857142686843872
F1 Score: 0.7333333259158663
