MCC: 0.3987542024918534
Accuracy: 0.719298243522644
Recall/Sensitivity: 0.5909090638160706
Specificity: 0.800000011920929
Precision: 0.6499999761581421
F1 Score: 0.6190475636328714
