MCC: 0.4693339858180978
Accuracy: 0.7719298005104065
Recall/Sensitivity: 0.5789473652839661
Specificity: 0.8684210777282715
Precision: 0.6875
F1 Score: 0.6285714563058361
