MCC: 0.48691436740717653
Accuracy: 0.8245614171028137
Recall/Sensitivity: 0.699999988079071
Specificity: 0.8510638475418091
Precision: 0.5
F1 Score: 0.5833333002196431
