MCC: 0.6405126152203485
Accuracy: 0.8421052694320679
Recall/Sensitivity: 0.7777777910232544
Specificity: 0.8717948794364929
Precision: 0.7368420958518982
F1 Score: 0.7567567878434753
