MCC: 0.7838686930074691
Accuracy: 0.8947368264198303
Recall/Sensitivity: 0.782608687877655
Specificity: 0.970588207244873
Precision: 0.9473684430122375
F1 Score: 0.8571428614679105
