MCC: 0.6201917430112535
Accuracy: 0.8421052694320679
Recall/Sensitivity: 0.6111111044883728
Specificity: 0.9487179517745972
Precision: 0.8461538553237915
F1 Score: 0.7096774471413962
