MCC: 0.8112561965679829
Accuracy: 0.9122806787490845
Recall/Sensitivity: 0.8095238208770752
Specificity: 0.9722222089767456
Precision: 0.9444444179534912
F1 Score: 0.8717948670923353
