MCC: 0.7658693012229871
Accuracy: 0.8947368264198303
Recall/Sensitivity: 0.800000011920929
Specificity: 0.9459459185600281
Precision: 0.8888888955116272
F1 Score: 0.8421052727342643
