MCC: 0.5595938800342452
Accuracy: 0.8245614171028137
Recall/Sensitivity: 0.5882353186607361
Specificity: 0.925000011920929
Precision: 0.7692307829856873
F1 Score: 0.6666666875945196
