MCC: 0.5150937615412615
Accuracy: 0.7719298005104065
Recall/Sensitivity: 0.7142857313156128
Specificity: 0.8055555820465088
Precision: 0.6818181872367859
F1 Score: 0.6976744593511484
