MCC: 0.6647299663693954
Accuracy: 0.8421052694320679
Recall/Sensitivity: 0.8823529481887817
Specificity: 0.824999988079071
Precision: 0.6818181872367859
F1 Score: 0.7692308046565421
