MCC: 0.560448538317805
Accuracy: 0.8070175647735596
Recall/Sensitivity: 0.7222222089767456
Specificity: 0.8461538553237915
Precision: 0.6842105388641357
F1 Score: 0.702702703051013
