MCC: 0.46819889103151746
Accuracy: 0.7894737124443054
Recall/Sensitivity: 0.529411792755127
Specificity: 0.8999999761581421
Precision: 0.692307710647583
F1 Score: 0.600000024901496
