MCC: 0.6577916331862489
Accuracy: 0.8421052694320679
Recall/Sensitivity: 0.800000011920929
Specificity: 0.8648648858070374
Precision: 0.761904776096344
F1 Score: 0.780487817997453
