MCC: 0.4403855060505442
Accuracy: 0.7368420958518982
Recall/Sensitivity: 0.6363636255264282
Specificity: 0.800000011920929
Precision: 0.6666666865348816
F1 Score: 0.6511628242877456
