MCC: 0.3246272490330171
Accuracy: 0.7017543911933899
Recall/Sensitivity: 0.4285714328289032
Specificity: 0.8611111044883728
Precision: 0.6428571343421936
F1 Score: 0.5142857289314274
