MCC: 0.7715167498104596
Accuracy: 0.8947368264198303
Recall/Sensitivity: 0.8095238208770752
Specificity: 0.9444444179534912
Precision: 0.8947368264198303
F1 Score: 0.8500000289082535
