MCC: 0.519894675100111
Accuracy: 0.7894737124443054
Recall/Sensitivity: 0.550000011920929
Specificity: 0.9189189076423645
Precision: 0.7857142686843872
F1 Score: 0.6470587971301235
