MCC: 0.5505869752732733
Accuracy: 0.8245614171028137
Recall/Sensitivity: 0.625
Specificity: 0.9024389982223511
Precision: 0.7142857313156128
F1 Score: 0.6666666740841335
