MCC: 0.568353068157491
Accuracy: 0.8245614171028137
Recall/Sensitivity: 0.6470588445663452
Specificity: 0.8999999761581421
Precision: 0.7333333492279053
F1 Score: 0.6875000188592821
