MCC: 0.4962916669854651
Accuracy: 0.7368420958518982
Recall/Sensitivity: 0.5714285969734192
Specificity: 0.8965517282485962
Precision: 0.8421052694320679
F1 Score: 0.6808510553032747
