MCC: 0.5901007743879088
Accuracy: 0.8070175647735596
Recall/Sensitivity: 0.8666666746139526
Specificity: 0.7857142686843872
Precision: 0.5909090638160706
F1 Score: 0.7027026574223307
