MCC: 0.6840125796416067
Accuracy: 0.8771929740905762
Recall/Sensitivity: 0.8461538553237915
Specificity: 0.8863636255264282
Precision: 0.6875
F1 Score: 0.7586206933405963
