MCC: 0.74491281697599
Accuracy: 0.9122806787490845
Recall/Sensitivity: 0.8333333134651184
Specificity: 0.9333333373069763
Precision: 0.7692307829856873
F1 Score: 0.7999999982833859
