MCC: 0.7965453358407728
Accuracy: 0.8958333134651184
Recall/Sensitivity: 0.949999988079071
Specificity: 0.8571428656578064
Precision: 0.8260869383811951
F1 Score: 0.8837209146947329
