MCC: 0.5880554401268867
Accuracy: 0.7916666865348816
Recall/Sensitivity: 0.7586206793785095
Specificity: 0.8421052694320679
Precision: 0.8799999952316284
F1 Score: 0.8148148364817992
