MCC: 0.7979249985750353
Accuracy: 0.8958333134651184
Recall/Sensitivity: 0.9583333134651184
Specificity: 0.8333333134651184
Precision: 0.8518518805503845
F1 Score: 0.9019607916010286
