MCC: 0.8575166859631962
Accuracy: 0.9333333373069763
Recall/Sensitivity: 0.9642857313156128
Specificity: 0.8823529481887817
Precision: 0.931034505367279
F1 Score: 0.9473684707690336
