MCC: 0.5477225575051661
Accuracy: 0.7555555701255798
Recall/Sensitivity: 0.6399999856948853
Specificity: 0.8999999761581421
Precision: 0.8888888955116272
F1 Score: 0.7441860101492497
