MCC: 0.7454545454545455
Accuracy: 0.8707482814788818
Recall/Sensitivity: 0.8311688303947449
Specificity: 0.9142857193946838
Precision: 0.9142857193946838
F1 Score: 0.8707483012119388
