MCC: 0.7138884842720735
Accuracy: 0.8571428656578064
Recall/Sensitivity: 0.8571428656578064
Specificity: 0.8571428656578064
Precision: 0.8450704216957092
F1 Score: 0.851063833558807
