MCC: 0.7100179297499948
Accuracy: 0.8571428656578064
Recall/Sensitivity: 0.8780487775802612
Specificity: 0.8307692408561707
Precision: 0.8674699068069458
F1 Score: 0.8727272851013937
