MCC: 0.7687465415973073
Accuracy: 0.884353756904602
Recall/Sensitivity: 0.8767123222351074
Specificity: 0.8918918967247009
Precision: 0.8888888955116272
F1 Score: 0.882758650445202
