MCC: 0.6617865085248332
Accuracy: 0.8299319744110107
Recall/Sensitivity: 0.8591549396514893
Specificity: 0.8026315569877625
Precision: 0.8026315569877625
F1 Score: 0.8299319359820277
